0
1816
2492
1007
670
1110
1078
3128
720
989
1181
934
894
3104
1421
2012
1447
1630
353
6575
571
4295
611
3654
6955
4303
2835
5527
4096
7064
10670
4
2220
1189
621
1074
2896
854
1616
350
1448
843
975
944
1335
2496
2
1544
539
1384
3138
1851
2985
2578
1941
2286
3290
4379
2163
888
2817
3074
246
1240
3188
3695
1573
2561
5101
1490
5533
3050
1448
1458
1397
3472
2224
909
1368
1835
2030
1054
804
1130
431
2382
812
2283
3378
1100
2139
1738
1658
1411
1953
3634
3027
870
1058
8910
1837
6001
789
1204
824
46627
2447
2064
29280
1673
107890
1079
2073
1528
1852
1814
144
916
2374
755
436
1454
787
1045
830
1088
941
1063
678
1613
2242
374
1087
897
1544
429
1131
12259
729
1073
1150
1037
627
1237
814
1203
1030
3345
1769
474
1717
394
1513
1224
2295
2420
607
3871
10241
21009
743
1173
2148
1790
2145
1277
768
1217
3691
3861
2980
91
1406
920
812
1748
7
1448
1077
2046
2298
2595
2555
12082
9514
1781
1016
3998
3308
454
1897
874
1944
34580
1477
2193
2107
1802
2310
1262
843
855
5379
2008
3267
1173
5374
302
1061
885
2549
970
2343
1353
2742
3567
2451
11295
1418
17047
2048
2184
774
794
877
3333
2598
1699
39898
465
32082
11
29324
1452
2501
1962
1000
15085
238
830
11124
1705
2695
5137
1396
342
4188
1020
8
3014
1716
1781
1143
2139
1027
1421
1061
751
2742
1848
917
1071
1539
449
2073
3214
3340
2615
2110
1570
1821
322
939
2532
1619
2107
2047
1911
1003
973
1777
2011
2447
2453
44
1514
1769
28868
1055
1870
2827
2190
1683
308
1205
842
1072
889
1011
1177
3548
2074
1029
1190
915
4476
401
1863
331
1020
1403
798
2980
2032
2063
710
871
1060
1909
1592
2074
633
749
1360
959
1218
727
2097
1049
719
931
1204
1699
41
972
1073
1057
1328
930
1782
1047
2873
2192
1977
788
2277
1280
2652
2285
512
2454
917
588
2322
1912
2334
2434
2549
511
2157
2715
2067
2533
692
1295
627
1181
965
10198
2563
947
2094
919
1719
1188
4414
832
1972
832
2385
788
2309
493
999
1027
1151
1019
1660
814
564
2467
400
1573
360
1010
1273
1308
359
4193
7896
393
3211
5448
2860
1281
2528
1716
3686
4065
2948
2175
4045
2963
1198
3493
2809
337
1833
3325
5468
1469
2560
14901
226
1950
2726
710
157
1184
1627
5125
1080
700
1296
1213
792
924
950
681
1317
1101
732
2008
1025
1215
1645
1020
1917
1104
1002
1093
3548
898
6433
46
1643
255
864
7366
4126
4426
6941
1744
3539
3888
1197
882
1883
2
1239
2080
2165
1769
1214
1631
1153
980
1150
710
991
942
1019
1946
1083
1041
1924
43
1924
47
2881
2544
884
927
802
1226
925
955
983
1044
1040
947
1293
770
1034
875
1442
1525
985
1073
1475
434
1866
1761
294
1977
52
1545
527
1061
1101
808
1958
1076
2013
835
1171
1180
954
941
1413
458
1006
1877
4028
2074
56
1815
1218
770
1036
1275
994
914
1058
717
1298
5217
550
1170
919
1451
449
970
968
1709
285
1077
907
5412
5301
4
2552
3186
2094
6360
285
2809
2536
5334
934
236
56
1858
1997
1128
2225
939
998
1890
964
968
2134
874
910
1758
375
1389
885
784
1081
1116
954
872
1051
1123
681
2581
540
2091
932
1050
957
1096
1351
1140
253
2552
605
933
956
2541
3230
1552
1352
6377
3316
917
940
1327
6737
5621
1452
1090
555
2423
2091
627
838
2483
1910
2153
976
372
1965
3279
797
3180
2780
83291
3363
1303
2630
1344
1880
1295
1189
4487
838
1202
228
1354
13114
2174
1138
6866
242
2095
5291
252
1173
1031
1023
1392
2039
928
1194
1407
3651
7938
3773
1285
609
2135
1877
2008
1053
922
1067
1541
1390
3400
1538
3114
2362
608
2633
855
815
1726
2169
2763
1013
1177
842
6120
3423
2160
2752
2991
1786
2048
3378
1337
2001
1046
889
1869
380
1205
2924
3005
1165
595
4194
1741
3875
4104
1387
721
4512
2822
852
1330
1686
2342
2652
3845
1997
2835
5709
447
1027
2989
1577
3684
3920
969
3654
4112
3232
1907
2930
2195
1960
7060
1466
5869
5022
1266
2030
955
3155
88
3893
2512
715
805
2637
1825
510
3314
1889
2859
1951
6
1833
2413
1212
18298
18313
1893
5
6023
107
862
1236
16716
2048
1166
10128
1339
328
5476
1572
107
951
1955
1248
1388
1226
2235
1358
1425
114
915
1137
1174
785
901
1119
987
1163
2079
1153
3008
1701
809
1104
986
1044
1987
797
1126
862
2053
935
1084
2122
74
1701
3
1119
1798
44
1338
2809
1100
1142
911
1030
883
877
1412
789
997
877
1275
762
1810
1754
316
2059
1013
1107
967
1830
1289
943
883
936
991
923
1975
1139
1725
237
1251
1697
1362
801
1035
1185
1723
1848
1169
902
1135
1627
262
1697
187
2025
1220
1213
1596
1653
465
1535
469
1491
1195
292
2021
1601
349
2892
56
1545
987
539
1064
2888
65
1345
958
802
1063
1087
943
1108
1883
2009
1899
1997
954
1457
587
1938
1544
316
2038
58
1666
341
1080
2072
1811
80
1954
1993
1908
1462
902
1265
570
1803
1606
647
1196
767
1400
963
832
1371
385
1457
519
3183
1788
1497
572
1389
580
1203
807
1159
1062
1226
1850
796
947
1164
1963
753
2191
1531
580
683
2612
406
1661
337
1636
411
1826
2310
1184
1008
764
1127
1005
1259
514
1510
577
1384
955
1124
382
1333
771
1394
1072
498
1768
1759
313
1949
1716
536
1888
58
1982
1002
1959
2125
1494
537
1791
1848
4938
2125
58
1262
1633
1193
1769
2224
1301
3549
50
1998
1974
71
2159
880
1575
395
1681
347
1397
889
786
1152
1242
539
1838
1578
926
1606
50
1595
306
1698
374
1527
739
1307
542
1319
983
936
1268
402
1512
1285
1949
2211
55
1927
5
1394
888
1130
1091
616
1184
1064
1935
776
1567
350
2025
64
1540
340
2016
1573
1485
1153
1734
2018
2084
5
1522
650
1380
417
1638
404
1605
355
2613
442
2004
1391
856
1050
2084
1011
583
1236
1150
848
1077
1083
647
1289
1762
1905
61
1990
1451
634
1288
775
1115
1012
983
1699
61
1462
451
2370
767
1126
788
1163
1050
1248
619
1465
392
1927
1236
1308
940
1101
601
1822
2014
1846
1537
1617
1278
929
2031
1990
778
1144
2235
997
671
1912
1700
345
1919
1608
545
1347
1178
445
1208
960
1050
1822
1093
1977
1887
6
992
1940
1986
1994
68
1303
913
1227
991
968
793
1224
855
969
880
1234
1118
760
1845
69
1322
997
661
1247
1071
5392
562
1049
972
900
1065
613
1376
916
754
1597
323
2041
1618
402
2120
781
1997
4
1120
1363
700
1278
663
1118
1204
723
1503
350
1502
1415
53
1544
509
1213
1375
492
1181
876
992
1535
354
1897
71
1652
421
1893
1583
518
1405
625
1198
993
1056
1137
802
1353
306
1493
1028
916
912
1322
392
1560
399
1948
57
1278
926
1131
789
1055
1104
1087
983
1021
931
1209
630
1317
626
2331
792
1693
55
1611
529
1339
660
1889
1426
1054
937
1004
931
1279
341
1678
340
1550
1437
62
1975
1820
2204
1917
52
1970
1446
742
1079
2424
291
999
2059
1355
1525
1933
2174
70
1484
549
1826
1333
1227
589
1194
1133
650
1195
1072
684
1985
7
2089
1542
308
1756
404
1586
477
1565
436
1764
2046
1846
2159
60
1610
456
1811
2205
1020
1843
1002
2027
955
1309
4234
549
4251
1111
608
1165
1175
4705
2890
891
1061
1494
444
7014
2267
1398
1099
585
1948
2417
289
2685
2104
500
5056
1675
55
2759
1570
2307
334
2215
1887
8530
434
1358
943
627
4316
3997
2893
878
2961
1216
1763
2196
2938
1924
2893
978
2977
2908
2992
2266
62954
1564
2357
1809
291
3034
1889
2982
3557
980
10461
2768
155
1814
286
1635
351
1928
5090
2175
2636
295
911
2673
2056
665
2748
2588
2123
3153
62
1197
2092
770
1239
3050
2187
574
877
1893
1555
534
4347
2983
872
2027
2819
1885
1540
1106
2755
2938
1043
3947
3795
1469
2188
534
5133
618
1372
650
8377
3526
16218
1718
1365
863
3202
868
4251
3915
783
3153
3350
1039
3148
4056
28564
710
1737
2006
1261
2151
1705
1928
2864
2535
991
940
1890
3982
2977
9731
1730
451
6518
388
1397
10658
1310
636
4175
3884
4092
3837
4197
3873
3558
3358
16517
734
1942
871
2104
8708
1667
831
2923
4095
2782
1013
6745
1672
1655
827
1227
1210
2449
42
1005
1117
2164
742
2116
1361
3556
2079
1812
2869
2523
1978
1046
2207
366
1112
1464
571
2108
2826
3581
278
952
3267
2080
1777
1296
3717
988
1041
859
1099
1132
1958
991
942
1791
1940
1282
1537
350
3414
2970
2096
557
946
1238
104884
2820
2728
482
1292
1068
644
1190
957
28545
28735
1608
26471
577
1534
746
9744
1526
524
5830
1367
863
1746
1550
594
1740
1758
2302
1534
755
1315
1764
145
7416
92165
8462
773
25477
1659
211
2858
215
1848
14978
213
724
8815
1612
1614
11
2480
1105
2436
615
2475
3426
7450
5189
1476
2258
890
9540
8614
466
1833
289
882
1186
4197
2908
941
1965
1854
1621
22399
1585
860
860
11957
9339
607
984
1226
2091
983
937
27573
28483
5693
2248
8
2261
780
1076
967
1407
2085
1481
1089
529
1444
592
1250
1439
2232
1803
1345
1728
6
2444
1582
6
1576
484
1362
659
1122
1965
2348
443
1577
472
1362
637
1070
1159
1027
704
1226
1846
1543
320
1954
1938
1042
1966
2125
4
1608
3247
50
2294
978
1013
850
1017
1136
793
973
2001
1016
1387
1792
1568
440
1378
416
1501
864
776
1177
770
1193
1244
853
1228
554
1462
399
2504
450
1474
986
1077
923
1588
80
1442
923
1426
1527
1035
1605
2007
1132
2233
624
1024
1979
978
1077
2301
1589
1974
1164
1216
1646
54
1426
946
787
1197
919
957
911
1184
1264
259
1236
1469
477
1666
407
1213
1118
832
1597
1443
666
2217
785
1176
973
1037
964
1875
63
1875
1971
2149
73
1707
1999
61
2031
1894
2230
93
1188
716
1346
1199
370
1788
2514
1080
965
744
1276
972
1102
772
1431
340
1998
1663
344
1921
2087
59
1892
82
2376
588
1437
539
1269
1952
1300
552
1235
1119
2127
499
1559
366
1501
1569
1391
981
1595
1519
575
1418
498
1941
1232
1750
1604
406
1115
951
973
1988
1947
1076
1488
1723
1837
982
1312
1153
867
861
1290
533
1246
882
1214
2063
1159
487
2027
1949
80
2080
1834
79
2037
1008
1572
2674
710
2371
541
2122
8
1389
524
1075
2157
1876
997
1154
2230
587
2033
115
1051
880
994
1635
2419
115
1142
640
1791
1480
1024
2066
883
795
2494
861
807
2123
880
1387
3564
146
776
1031
1277
600
1389
830
1001
969
786
1202
945
1900
2265
694
1969
1980
1347
812
878
2237
1460
1145
2236
2240
533
1115
1168
1129
822
855
1319
611
1345
695
2005
2140
850
1219
998
747
1155
966
931
1065
973
933
940
1345
688
956
1170
934
894
1443
829
1081
913
1004
4298
576
991
719
3113
1951
2274
977
2801
3204
2243
1818
745
2082
811
1225
3901
1752
2647
2502
1013
104128
63573
62287
908
52086
1450
1377
1003
44172
41459
688
1938
37513
976
1190
409
31660
30853
244
1632
13
23184
853
22249
530
2451
1322
2709
1041
618
800
3864
3068
1942
1836
8
3246
1247
881
1102
1011
1301
650
1798
1346
109
1583
102
1113
632
1043
782
1319
1589
5
2183
78
1874
5
1742
30161
4
1127
3007
3286
802
1454
1862
15585
2629
1577
62
1116
1917
3201
2462
6555
1516
2074
1006
1965
3995
3090
2093
3408
505
2320
851
4151
626
2336
678
2233
579
1554
439
2498
677
3892
1690
2818
498
3007
55743
1703
100
2164
115
1547
1062
868
1380
4270
2319
979
5711
2190
4485
5606
643
1547
552
935
2096
2658
3033
2092
45
4711
3159
1295
1679
1234
2706
2186
79
3033
3540
573
2814
2682
2781
633
2965
4528
2654
900
959
6341
1301
315
204543
1336
656
780
2025
502
6
1452
1359
600
644
1813
476
1194
750
1154
836
925
2669
488
2275
1999
566
876
1758
424
1130
2236
690
2814
2251
2086
3699
2749
4892
591
2464
1130
1754
3028
656
2318
542
1497
2124
33043
3427
869
1579
292
2022
2984
3106
2162
2246
745
3801
3778
2917
3045
1574
1265
2285
1752
542
2476
615
1688
3189
57664
544
1527
1189
2792
741
1644
8
866
1602
1129
2516
1302
883
1247
977
941
1067
2025
2816
2160
2268
3265
2576
3315
2113
5407
1051
2232
163
3225
1162
3063
908
3698
2955
1212
2822
1109
1182
810
1296
864
1112
1427
1408
1167
913
1211
12824
839
660
1360
769
1499
540
1531
7011
2066
2713
570
3075
800
1713
33605
652
1583
4155
9
2086
1454
1027
882
969
2186
798
894
874
960
1087
951
1899
1264
1815
1869
2062
1180
1000
1239
1582
5
1967
1755
258
1774
295
1559
965
514
1431
1030
900
1017
960
975
836
1046
957
992
1949
1054
827
916
2599
541
1376
515
1027
981
1130
897
1940
1961
1265
1753
3
2052
52
951
2009
47
1866
46
1336
1018
949
1003
901
1115
927
984
925
2010
917
942
1527
570
890
1083
1052
1782
1525
1020
1157
436
1223
1995
970
931
1229
1478
45
1376
1120
845
1051
865
1101
934
986
892
1991
990
908
2037
960
1266
835
958
2469
1387
1208
1806
46
1974
1921
1721
451
1297
1311
429
1477
941
1123
417
1453
850
1099
897
930
942
1037
999
935
934
1980
1381
925
998
982
913
935
2079
954
869
2056
972
936
1963
1010
927
1039
953
2135
1041
895
986
940
2004
1070
943
1417
975
849
914
1077
940
1048
899
2064
900
910
2380
958
951
1001
983
983
849
1085
949
956
940
1971
972
1067
2087
917
1949
48
1054
1218
917
1129
876
981
789
1714
376
927
906
3007
1139
997
1069
1025
1183
1001
663
990
974
1237
1829
965
2184
1037
896
1241
722
996
961
1220
731
985
937
2197
1787
1240
1735
1051
2102
1830
3
2484
977
1021
994
863
1084
834
2066
937
944
1983
966
942
1986
1090
1808
2124
46
1267
1023
898
1047
919
1926
994
1948
1430
925
615
1987
1002
915
1162
1835
1948
1539
960
921
1019
1046
938
715
2016
934
1002
2006
1018
942
1989
46
1657
410
1288
958
988
939
966
967
1007
902
1276
1778
783
2374
930
933
1315
1709
912
1254
877
1172
1046
977
988
930
902
1028
923
1007
947
1141
890
988
935
2007
927
992
1941
1525
823
1120
953
791
1112
595
1516
1826
1062
783
1037
918
1907
2033
3
2016
49
1002
1054
1878
1084
1796
1167
1965
3
1665
470
1154
957
985
1025
923
951
1212
925
1042
867
1710
2071
3
1924
47
1765
293
1006
2006
1047
1165
1679
45
1920
1669
379
1548
556
1361
979
941
1016
944
974
992
1108
819
984
956
1133
899
988
969
1205
1628
1031
980
1963
1107
1867
2108
3
1496
913
987
902
725
1092
1836
2028
1434
903
1121
933
923
1105
1001
978
956
881
1135
916
972
878
1836
45
1980
3
1882
2042
3
1685
413
1553
919
640
1343
971
531
1152
982
1722
2051
1819
239
2606
456
1890
1480
2511
1940
10567
686
1220
3965
846
1066
4404
2260
471
1550
2666
1098
440
2239
746
5975
3006
7691
429
2056
1056
2719
2035
1880
10836
550
40787
1958
721
764
2074
2422
1626
10726
1368
2703
1069
1061
1264
2949
69164
3482
314
2082
2622
1995
3963
1951
2535
4237
1787
2513
2863
4246
1111
72830
1058
841
895
951
1050
2246
1795
1192
960
893
1438
1898
847
1046
1985
818
1038
2411
2676
992
2408
5389
120
55062
2127
1960
1258
2039
6165
3421
866
1125
1346
1699
1651
2242
1127
721
1409
517
1076
4073
2888
873
2636
1484
807
2056
927
1703
2191
1182
2903
2100
2788
3188
2362
2402
866
3580
1685
3
1783
3251
2652
522
1978
2729
3770
548
3110
1194
30558
7
1742
950
335
2331
815
1716
11280
992
3359
465
1125
16587
529
1709
9942
1582
723
4311
3252
3399
753
8
1238
1004
1479
865
1644
1187
1099
1674
2208
2624
9225
10
4165
3276
2063
1431
902
1393
1080
772
1094
826
3403
2167
2392
3745
4750
49254
1690
37206
1373
2156
1866
23530
618
1180
19722
19994
19367
823
13
13341
1186
1304
7429
1498
3175
3063
318
3469
1205
2720
1046
8
2042
136
1443
6
2187
102
1600
2838
1115
310
1610
537
870
962
1277
1746
4425
91540
974
55526
2348
1635
240
807
45718
1572
36501
35119
2106
2223
1003
25830
1403
1681
1975
1003
8
15276
16840
11904
12643
8840
2158
12
5973
1016
825
5579
194
2122
6
1341
811
1578
475
1111
1170
2430
2257
1756
127590
3591
2418
736
3085
1303
552
2441
1566
5
1119
849
1989
1073
2889
970
1013
3194
1982
3020
717
1077
967
2770
2408
2843
1508
380
1578
542
3062
2084
1722
2094
1261
2706
936
952
1138
1393
1842
661
3174
2191
709
2655
23381
4053
3582
656
606
2307
1033
664
1433
2426
1967
2068
8544
651
1281
748
2570
522
675
4543
623
2377
816
6685
2312
3939
2984
2444
444
1072
840
2126
2064
2945
2459
799
963
6601
6
1261
3564
2742
704
736
12678
915
789
716
1187
9982
1045
950
2245
822
989
1306
1840
1029
93029
1018
2483
1154
231
2454
1014
3472
2251
1906
185
1374
1377
3716
1004
2940
1002
967
1295
758
1148
1188
745
1943
126
870
708
1086
1419
792
1331
1018
900
1557
7
2239
1407
540
1266
1022
1086
953
553
1469
855
2661
65
1280
1613
1905
54
1053
2048
1776
2512
1191
443
2138
1494
384
1651
408
1411
1309
2051
54
1957
2007
2086
1624
412
1144
1234
662
1818
2385
888
1276
961
1054
578
1517
781
1093
1114
605
1220
1666
83
1911
67
915
1096
2013
1781
2062
1705
430
1249
728
1298
665
1083
882
2555
613
1321
681
1217
664
2912
67
1225
1074
1697
1875
1804
488
1850
1585
569
1903
1934
2044
75
1880
83
1842
1556
779
1738
1887
1583
714
1179
950
925
1024
1091
1320
485
2021
1029
1743
2155
94
1789
2325
1967
1083
813
1138
1015
2207
553
1186
2112
2272
668
1482
2163
1878
2095
1793
2133
2004
1673
609
1143
2555
1530
2163
628
1709
1579
1606
1928
1952
1917
1389
1045
1865
1678
2377
1812
3924
129
2196
1533
2186
1821
2667
683
1475
673
999
1418
602
846
1089
1852
105
1892
1806
1957
1549
603
2211
2824
7
1725
1787
557
1127
1625
1966
2259
1818
1391
1416
2687
589
2988
92
1890
2146
1865
1554
630
1410
636
1536
1382
2175
1335
594
1691
1869
2018
2198
96
1899
1318
644
1337
1903
1862
1842
84
1706
2645
720
2001
1127
1001
1119
803
1737
1947
2361
1982
1624
2361
1050
1698
2431
911
975
1060
979
993
1811
2365
504
2030
1720
2765
571
2182
1804
99
1739
1737
754
767
1361
2057
598
1884
1315
2877
136
1318
796
980
1232
890
914
1374
1983
2967
1630
1122
684
934
2211
1828
679
1525
533
1436
1845
1864
1975
1780
2346
888
1589
2247
1785
2338
1458
501
2091
1680
2621
661
855
2021
2012
5
1787
1720
251
2224
66
1356
487
1486
979
788
1104
1077
598
1308
1228
537
1535
374
2110
1424
942
937
1044
556
1239
1042
1726
65
1208
761
1103
1010
977
887
1634
412
1500
510
2403
597
1267
831
1328
933
946
814
1290
581
1378
793
1213
981
1689
1552
366
1802
2072
65
1968
73
1946
88
1945
1639
440
1382
854
2574
6
2143
77
1874
1949
2002
2137
893
1899
1603
705
1239
792
1056
1213
1720
924
1504
356
1940
1767
367
2106
1375
521
1245
896
969
974
1306
602
1307
1354
542
1378
417
2088
1764
75
2046
82
1237
1080
813
992
1294
505
1142
1242
1705
1249
1153
556
1557
398
1088
1384
693
1232
850
1413
537
1842
1078
1602
2629
1156
429
1188
1185
760
969
1343
1774
1129
2132
840
1105
863
1292
515
1891
1207
1373
407
2109
1498
508
2495
414
1400
618
1335
795
2288
650
914
1232
1431
385
1037
1768
1956
2223
1945
1317
892
1319
510
1434
646
1329
639
1240
721
1292
1218
481
1968
60
1231
969
1747
1101
2140
1301
370
1519
811
1330
289
1592
532
1542
544
1883
1928
60
1951
1950
2036
2076
78
1882
1171
1261
975
1264
334
1320
934
989
1804
59
1007
1026
1940
1847
2205
1933
1920
61
2029
74
1502
352
2183
84
1027
995
899
1034
965
972
899
2005
976
926
1022
986
1960
1222
2004
1182
1678
78
1425
487
1549
645
1245
640
2293
793
1696
2012
2093
109
1021
1877
1922
3070
1892
1990
2362
84
1094
1614
61
1103
1868
1081
1837
1966
66
1038
2351
758
1440
328
2078
1276
1132
855
1098
1311
291
2400
1520
5
1771
444
961
1948
1015
1078
1008
6577
255
1764
267
1900
47
1953
1119
1677
169
1198
1631
292
3282
1850
2321
1578
2797
1163
3500
2587
2442
2258
1415
2131
1674
3128
3449
207
1215
3681
1638
269
1451
2475
1511
2783
964
889
581
2091
1818
1924
1910
1966
1511
949
805
1179
1893
1010
1079
734
1456
1055
470
1823
2201
1542
457
2758
61
2047
1577
493
1358
672
1313
966
919
1371
337
1128
1923
1849
2055
2053
60
1061
901
1679
325
1448
736
1441
368
1349
1137
711
1201
760
2228
1796
941
834
1345
1176
656
1352
1017
931
1099
687
1306
881
855
1137
1439
4
3015
51
1994
1613
601
1698
1334
1857
1033
985
1106
1062
827
1168
1130
1946
799
1948
1872
1266
2045
898
1304
807
998
1237
997
702
1243
655
1126
1975
1875
1932
1190
1334
667
1832
1340
648
2009
1625
468
1462
646
995
1253
713
1542
352
2010
1319
825
1200
882
1518
622
1528
2564
565
1644
644
1825
7
1057
1085
2070
2061
656
968
2316
1408
2183
1864
2595
868
974
1305
577
1700
2151
1765
2270
1400
782
1638
2012
2470
1558
2086
1964
7
960
1396
1053
953
786
1262
842
2406
615
1954
1791
1275
1886
1887
1811
1668
625
1329
1164
566
1413
505
2004
1432
510
1588
572
1547
2594
1414
2109
1855
2547
1795
7
1087
1467
581
1906
2452
518
1755
1716
635
2002
1722
2496
684
1146
1312
1522
108
2125
1494
2154
2072
2314
913
1716
2014
1761
3523
2668
4189
4150
183
1025
756
1245
2158
827
1230
764
2997
1263
874
1621
1319
3491
125
1063
2151
643
2095
2097
1005
774
1298
820
10576
7396
5939
865
1123
857
999
5268
101679
72556
69935
1407
58921
2055
1478
2613
1281
2492
2181
42661
3073
1827
953
33483
1318
2353
1917
815
23686
22596
917
1035
18306
953
695
15266
817
10284
1081
7175
1420
3926
3507
2401
1472
1424
1060
1598
3046
429
622
1847
620
1994
1888
1560
6394
11144
873
1736
1041
1326
1843
1286
616
1838
1353
4504
3050
12443
668
2557
648
3279
2115
657
738
1432
8355
553
1601
5
1654
12082
2499
1325
699
1056
1875
2918
1976
3531
539
3005
7507
498
3372
685
2922
1324
315193
2546
915
2471
734
1582
2494
1104
1200
742
955
976
807
2543
453
1583
542
880
1139
781
1848
1926
3273
1581
630
2070
2029
738
1124
802
957
1889
2450
1841
1257
633
2838
3080
1320
679
1923
1305
2731
1432
691
2772
2741
647
1478
651
702
952
1217
2483
627
1087
2827
2568
1609
929
718
10024
938
71059
11
2144
176
1701
2258
1531
2447
1452
2454
1888
1192
1513
2960
1422
807
1901
1288
725
1677
491
1557
522
916
1479
485
2012
1224
874
1251
705
1165
820
1061
1052
821
1173
913
764
1252
1889
2267
655
2142
813
1241
2101
1466
59
2056
77
1901
60
1954
1962
71
2124
1517
450
1914
1893
60
2112
1524
421
1524
487
1942
60
2003
74
1483
525
1328
841
1317
396
1508
784
1174
691
1139
771
1247
873
1132
2065
1686
1927
1659
462
1518
401
1659
374
1623
466
1339
1446
2082
69
1914
2093
1898
1654
588
1800
1962
72
1976
1556
476
2011
1479
476
1515
574
1333
774
1190
705
1417
1010
373
2257
1407
455
1561
473
1581
475
1599
492
1323
425
2497
718
2730
68
1765
2325
1818
2084
2000
7
1830
2226
2376
700
805
2129
1560
542
1844
79
1659
2389
1321
799
1165
1053
792
1261
643
1368
521
1282
1014
1434
2263
1840
1932
2132
72
1855
1716
488
1836
1852
2068
1999
1480
1157
647
1344
801
1289
437
1572
386
2590
411
1840
1366
1618
1743
422
1832
2065
1250
1092
1765
1230
1921
1491
432
1801
1584
932
941
2048
1529
2208
1933
1849
2055
2086
81
1531
526
1684
2139
6
4175
1230
554
1162
882
2465
428
2268
1263
1132
416
1845
1112
1975
1256
1300
489
1633
318
1502
636
3936
1542
759
1111
905
1056
585
1666
250
1477
1100
465
1313
789
1108
1070
1912
1975
1749
1596
1486
4
2243
1755
4
1913
55
1720
355
1885
55
1699
260
1537
896
934
906
1099
926
974
950
1278
912
875
1146
1283
352
1229
824
1087
881
1027
885
2027
1116
982
2010
934
943
1713
319
1325
783
2140
1335
377
1671
377
1401
1029
748
1133
1142
913
1622
60
1013
2072
1865
60
1922
66
1628
449
995
971
1212
762
986
1930
1165
1126
1773
1969
5
2947
60
2041
1526
666
1133
3653
4
1245
1763
1991
1030
1851
1029
1377
1297
229
1778
337
1461
909
979
1104
1107
369
2686
466
1423
746
1232
736
1069
865
1182
902
966
932
1089
1233
882
788
1487
408
2538
460
1005
963
1109
975
936
967
1979
1361
1001
1024
1516
1292
1931
1839
1244
1153
791
977
1928
1947
5
2101
1565
259
1600
1117
390
1880
1711
503
1060
957
1166
1135
953
736
1438
1023
437
2001
1514
445
2060
1625
308
2014
54
1621
273
3020
62
1085
1343
932
875
2142
576
1138
820
1997
1112
2068
1915
1869
1182
1956
1377
921
1256
486
2316
1121
453
1308
1102
1037
1589
1013
949
2099
1924
55
1305
753
1009
975
1142
2274
509
1294
831
1224
1010
1142
792
1202
1028
611
2055
1065
932
858
1017
1502
741
711
2102
821
1284
1401
391
2049
1338
907
715
2251
1301
587
1014
1206
1341
428
1858
69
1555
397
1921
1874
2188
1931
2346
1701
6
1189
1228
1001
504
1110
1590
520
1882
1993
1885
1388
1542
2582
1463
2295
1879
1065
2169
2072
856
1573
1398
1933
1288
933
1163
807
1909
1446
533
1632
1984
2253
1143
1494
633
1175
1018
522
2179
1481
538
1076
1059
814
1149
646
1416
1503
1193
1103
1845
1759
2115
1880
2638
720
1170
628
1527
438
1761
475
1270
1452
1585
763
1810
1620
471
1338
595
2206
2066
1582
1249
867
1979
871
1291
1476
705
947
915
1401
485
1322
1523
80
1490
372
2311
1664
4
2015
1898
2414
1611
2207
1743
1236
1844
1273
1007
952
996
884
1372
1814
1145
1193
476
1619
460
1087
1223
769
942
1276
1788
1884
1062
2026
7
1066
1888
91
2118
1049
1683
6
2514
521
2094
1990
1940
1814
92
1220
2092
1735
1169
2034
1748
2108
92
2144
938
977
1290
689
1842
115
1919
1913
1939
1264
1947
7
1070
1045
835
2316
544
1726
1698
1036
1672
9
1325
823
1045
890
1030
1237
1068
455
1464
946
976
921
1287
559
1491
461
1178
1224
516
2153
1037
1052
1728
1582
650
1640
2086
75
1394
753
1337
442
1476
487
1562
587
1416
544
1080
966
1974
892
1024
888
2102
1980
1205
864
1090
1118
971
1963
2027
1697
69
1912
1629
401
1987
2008
73
1921
1585
575
1951
86
1468
369
2224
1305
585
1421
450
1405
878
2065
765
1258
1026
662
1793
2238
97
1431
360
2023
1652
390
1961
1521
513
1400
710
1090
1098
2008
761
1127
723
1701
