0
1193
1638
382
1422
526
1469
530
967
1104
852
1115
1972
921
1034
1096
1164
862
1074
717
1102
1795
307
792
1675
486
3835
1435
1062
618
1356
1673
1419
582
6129
898
3782
1842
3069
2751
5727
333
5078
253
4704
8578
48
1810
1066
1222
653
1350
1119
840
805
1096
1256
720
898
965
951
1162
967
1772
3784
2700
9391
2645
3908
5122
7373
1817
3
767
1814
1947
4007
321
4899
8685
2858
6301
3419
3715
4798
998
857
1161
959
1477
959
835
1085
785
1160
592
3115
1741
2569
1728
2323
1669
979
1911
2567
453
867
1022
999
987
973
1962
2120
914
2042
1463
947
1637
73
1342
774
1021
1083
954
964
1686
47
1888
2
1737
429
1654
373
2575
528
801
1632
383
1504
824
971
1151
963
934
1027
981
996
1008
1072
966
947
922
1119
1047
805
1101
1866
1842
5
1969
1857
4
2134
47
1836
4
1728
511
1385
1095
357
1490
633
1454
596
1132
1287
567
1833
53
1617
450
1504
399
1480
585
1730
307
1098
969
1496
312
2130
2065
1055
1710
2194
1882
1079
1836
2334
1836
5
1859
68
1994
5
1954
1980
7
1265
930
1218
769
2274
964
622
1297
1151
1004
484
2412
843
921
993
1582
506
771
1313
1497
809
466
1118
1902
1923
1450
623
1402
773
1175
995
841
816
1359
841
1219
1017
1439
59
1547
897
1142
554
1207
787
1491
382
1141
2361
644
1147
2057
648
1315
837
1091
1880
1477
356
1114
2089
1656
2134
1874
1202
1792
1194
1617
467
1486
337
1104
1393
1087
828
1095
1562
73
1815
5
2018
2006
5
1673
345
1605
654
1213
943
1093
668
2111
1569
2179
61
2506
4
401
1798
403
1663
2179
1936
1282
1729
1340
859
1628
2084
1492
675
1632
328
1189
1322
615
1551
513
1803
2208
2086
809
1994
1239
2061
494
1583
520
1152
1273
612
2244
1838
2066
2109
867
1329
582
1512
413
1455
2094
430
1436
516
2575
679
1437
724
1287
405
1421
1097
643
1299
750
1681
1699
327
2405
1166
584
1527
385
1115
871
2003
1822
1268
1846
56
1018
1373
931
950
915
1097
924
1037
905
1823
1470
1038
644
1803
47
1973
1604
580
2009
1178
1065
1647
1483
450
1427
768
1316
912
601
2914
48
1843
1551
1581
4
1192
1193
997
1091
1445
57
1088
1273
1607
1699
312
1562
600
1092
1977
808
983
1923
1331
1973
1055
1893
1920
978
1292
1010
822
1106
1307
497
1546
371
2286
1306
426
1581
326
1587
512
1333
653
1312
956
1273
860
1160
598
1886
6
1608
376
1911
6
2350
1275
359
1458
1165
402
1510
511
1492
487
1283
1054
1881
1835
1349
1707
1452
719
1347
372
1408
2249
359
1540
690
1237
664
1746
1426
666
2049
71
1918
1914
1600
663
1478
425
1593
440
1132
1297
507
2245
1015
1323
420
1587
686
1030
873
1410
614
1290
637
1855
1372
929
1173
1215
553
1908
860
2096
1909
2130
1366
715
1640
2356
1839
1140
2012
124
1158
1167
679
1274
615
1289
687
1581
585
1018
979
1018
893
1111
930
984
2443
725
724
2188
1760
2149
1773
133
1982
1204
977
777
1059
2420
580
2903
123
2367
694
1342
939
849
1814
123
1102
738
1817
971
1384
1873
2114
768
1684
1704
652
1578
2387
1360
430
1217
1782
2039
1987
1839
1693
497
1551
734
2772
5
1591
947
720
633
1136
1309
709
1129
1775
73
1563
349
1928
2017
8
2174
1449
363
2031
71
1187
1818
1417
725
1384
602
1819
71
1923
1922
1387
2570
96
1399
602
1809
2066
2077
1390
881
1174
742
2013
1262
1507
1910
1977
2073
1109
2176
1032
1199
711
1025
1111
1060
2188
532
1270
1749
2141
1886
2033
1902
2035
111
1457
603
1353
496
2116
999
1332
444
2466
1811
1029
919
2023
1917
133
1729
7
1869
2135
6
1626
506
1842
8
2064
1959
6
1580
498
1514
420
1122
1584
2372
82
788
1415
1944
849
1295
400
1624
1231
490
1649
1445
939
1254
747
1178
536
1605
667
1769
96
2080
828
1227
933
2142
1801
1876
2073
2266
1680
6
1957
1724
2807
541
1981
2188
1770
1797
2409
1791
81
1407
495
1270
1036
760
1164
831
1279
847
1012
1632
2037
1931
1626
602
2066
891
1991
81
1162
2099
762
1932
8
1537
478
1279
718
2308
705
1149
900
1589
545
1386
588
962
1891
6
1605
521
1428
471
1080
1393
537
1365
601
1378
771
1086
819
971
1151
773
1394
684
1266
2136
832
662
1865
1970
1610
1450
2139
6
2086
186
1721
6
2277
677
2140
912
1176
1048
7632
1070
927
991
929
1990
1110
1879
1996
42
1031
1017
1533
1001
311
1727
407
2231
722
1213
1011
832
1268
849
984
1176
851
1505
412
824
1324
792
1969
2
1040
1920
45
1929
1332
1440
528
919
878
1337
752
1314
715
959
1633
612
982
901
1130
773
1250
640
1033
1957
1410
957
1017
742
1177
919
1747
48
1244
1238
740
1264
1049
821
720
1423
852
930
1358
345
1197
2054
1792
1083
1229
640
1388
1032
705
1485
664
875
1521
368
2194
906
1025
903
912
1602
358
1212
887
1406
1769
786
1380
1012
949
916
1019
878
1318
633
1604
366
1536
434
1958
55
1810
2048
56
1998
6
1948
1129
1810
2068
1924
2028
6
1092
3003
53
1069
1381
492
3069
1357
1573
4
961
972
1545
1543
1001
1895
1040
2011
1142
988
928
982
1003
949
1997
1601
964
546
952
6933
40
6621
3
4164
3
2573
2125
547
2195
803
1913
40
1215
1186
944
977
828
1327
453
1306
934
873
1104
975
979
1991
988
1055
1016
951
975
938
2299
1142
843
980
1108
857
915
1092
1215
761
1177
588
1204
886
991
1994
1010
975
1046
1775
1280
1228
598
1105
960
2360
1498
1104
1567
472
1539
473
1374
893
1085
706
1181
986
1020
988
785
1140
1007
1068
755
1058
1073
915
1547
358
1353
853
1226
935
988
992
987
740
1392
561
1456
467
1512
538
1219
991
717
1075
995
1281
622
1214
1111
1599
1434
832
1288
590
3042
941
896
1672
998
321
1163
1079
847
1509
396
3751
2639
2470
1165
1504
975
937
715
1175
1115
861
1260
1088
1021
452
1460
983
607
1386
942
823
1037
1110
560
1362
1190
602
971
1144
787
3348
1896
747
1163
749
1131
1025
917
1024
1158
814
5928
1113
1029
1201
4673
1196
2414
3036
1939
2344
2731
1815
826
758
1466
1622
1877
1058
2017
964
927
1146
976
980
933
1638
443
1577
372
1588
982
529
1086
1056
1159
846
778
2151
967
954
1227
861
1009
911
1022
1007
939
919
1336
779
1524
375
1357
759
884
2955
1326
751
971
1202
906
1409
1086
436
1380
1068
1170
290
1556
818
1559
1562
1047
721
736
1544
1080
554
1504
349
1387
1235
548
1445
383
1977
48
1496
434
1914
1686
488
1515
941
785
1220
690
1211
1016
913
1393
336
1509
463
1600
346
1673
292
2079
1602
369
1946
1102
1915
1075
1315
1000
1581
76
1591
411
978
1340
1098
1114
542
1425
465
1583
483
1009
1157
915
1287
646
908
1018
2200
1797
6
1499
574
1541
471
2140
1171
1026
835
1067
1619
1281
1863
1984
1506
569
1969
1857
65
2125
1479
431
1397
870
1166
1106
381
2266
1316
614
877
1092
1143
1071
850
2190
515
1393
654
1200
1401
542
1949
79
6794
48
964
965
942
1149
985
927
3014
41
1022
965
1290
946
928
1093
762
1925
3
989
5025
3398
3081
2661
6204
5284
4677
2243
6734
3
3876
1085
1667
1063
1034
934
1013
2192
1123
767
2177
1122
849
1211
574
1118
1074
826
1029
1015
1036
824
1206
909
2061
951
928
1389
1798
971
888
1695
330
1925
39
939
1296
1673
38
1935
1138
1125
934
912
1118
897
979
1430
560
962
1010
1060
1410
972
839
1117
656
1319
1034
839
951
969
940
1658
228
2027
4
1972
1646
341
1065
1243
1260
507
2119
1325
997
562
1532
971
1032
450
1714
230
1455
1550
49
1479
966
698
1276
2663
874
1098
2032
1677
239
1348
1105
579
2019
914
1122
996
1779
1300
937
942
1003
1446
1088
377
1723
218
1052
1064
1916
1280
822
1339
1703
857
1169
1831
61
932
1454
1154
481
2011
1927
97
1535
921
484
1950
5
1757
358
1828
2362
804
1151
2072
1899
1488
451
1376
1111
548
1566
355
1536
488
1607
344
2004
1631
386
1974
1430
981
669
1455
626
1303
1078
601
1456
406
1491
464
1460
1111
855
1872
725
1126
2224
1723
5
1043
1765
2031
2004
1959
2036
1947
1554
912
1968
1379
585
1270
651
1467
656
1065
1329
619
2144
907
816
2001
2117
1104
1044
668
1505
564
1027
1880
1486
530
2098
1886
2184
809
2334
685
1167
1970
1946
2090
1855
1956
1071
1345
466
1194
1835
979
1303
998
1363
446
1854
1406
716
2299
1344
500
1092
1528
2334
1255
1627
7
2148
1184
1141
769
933
1214
1107
637
1497
516
1402
745
1304
504
1291
646
1854
2014
1395
1957
812
835
1351
675
1159
768
1356
813
922
2190
2235
737
992
1070
1350
623
2067
10
1945
1789
4624
119
910
558
1876
10
1224
1841
119
772
1922
2232
10
2090
123
1342
2099
2285
12
1358
692
1307
634
1314
686
1252
2703
1458
593
1303
682
1621
588
1300
745
1077
617
1512
1070
1221
1590
709
1129
850
1404
895
751
1091
1166
901
972
824
1124
2243
727
1169
765
986
893
1116
913
1360
1983
706
1972
8
1006
1721
1946
2576
548
1203
1844
2153
2003
762
1663
559
1403
509
1361
686
826
2426
1787
730
1240
1883
1946
1940
1296
1131
888
1359
484
1007
1198
1724
1978
1156
918
1148
919
1197
911
1073
989
1065
833
1479
587
1420
445
1809
1998
7
2177
1440
678
947
851
973
1322
1060
1162
514
1215
1712
1382
765
1043
2051
1285
657
1778
87
1173
947
1023
1141
2101
516
1218
2057
1783
85
1938
102
991
1578
2295
97
1241
723
1055
1889
87
1206
1271
447
2124
1026
1168
597
1512
477
1200
1457
351
1668
531
1402
470
2087
103
1633
2512
947
748
1805
1971
2537
883
1837
1987
109
1761
1910
2085
1592
591
1989
2133
106
1179
804
1835
104
1142
862
1310
622
1203
1010
851
1328
531
1760
1667
534
3008
159
1956
1096
1418
2499
894
1115
1074
1715
102
1364
665
1446
482
1353
535
3011
8
1998
103
954
1058
2194
1765
1951
1911
7
1298
1069
903
939
1765
1901
2153
95
1885
6
2031
76
1951
13
1196
1332
630
1931
1813
79
1431
555
1968
130
1733
1918
2047
1211
1925
7
2016
78
1749
2176
93
1541
467
1251
1192
682
1268
713
1273
558
1241
1169
696
1153
767
2310
658
975
1858
1281
1873
1949
158
1792
1999
2304
1109
1197
537
1244
1750
94
1242
820
1474
545
2227
708
1586
547
781
1140
906
2405
552
1586
591
1750
1127
731
1992
2301
2086
122
695
1314
843
1422
658
994
966
1093
919
2032
1704
106
1813
2373
1883
1003
1628
2492
810
2119
849
2071
5227
1650
1081
1382
533
1087
931
1229
677
991
1986
956
1284
1202
707
1265
635
1264
1301
374
1712
296
1584
509
1366
1423
1590
554
1313
1161
860
937
960
724
1232
1084
903
1130
901
674
1274
1223
1003
939
1124
541
1353
1015
1001
1072
469
1475
930
998
1045
1037
987
1030
875
1128
889
1511
76
1635
392
1958
49
1532
398
1815
283
1492
999
1832
609
1180
1985
1297
589
1260
1096
1003
1119
572
1409
951
1017
1094
630
1284
640
2185
1011
881
1092
1046
920
829
1530
513
1306
935
1311
288
1838
2070
2374
1193
556
1315
991
826
1109
997
859
2213
669
1018
1691
335
1778
1332
1926
2002
1880
65
1116
1458
418
1235
959
1275
1095
670
1279
1064
333
1593
1016
561
1401
1586
8
1956
80
1776
1313
1187
1857
841
2052
77
1808
1489
733
739
2334
756
1384
1707
1876
1883
77
1091
2878
75
1489
552
1944
76
1380
571
924
1420
1719
8
1918
79
1867
2184
1618
2274
1880
4
2075
85
1511
406
1114
1989
86
880
1994
1160
2121
1669
929
1368
908
1363
435
2174
1406
430
2029
1436
545
1024
2298
602
1719
491
2094
1659
2129
7
1946
1973
6
1901
1908
1628
795
1805
7
1345
961
1247
426
2103
1416
448
1848
1576
679
2307
837
1913
1733
2146
2061
101
2137
939
772
2806
88
1796
1471
728
1491
1681
929
950
2038
938
1742
281
1293
1521
1561
1200
463
897
1290
1299
440
1478
964
1132
886
957
905
964
697
1415
1530
1498
515
1978
1442
1204
615
1373
446
1552
513
1882
1487
1014
571
1842
45
1894
1541
1033
921
1018
919
985
684
2377
865
942
907
1121
879
1040
1255
1724
1943
1979
53
1874
1623
1424
4
1297
1788
1838
1678
401
1484
596
1177
973
1063
1123
736
982
1045
1092
899
896
1032
1666
245
1706
207
1738
391
1604
355
1954
48
1954
4
2279
1840
912
1121
1839
3
2089
1246
1077
679
1409
942
879
992
959
1151
866
1245
1841
1012
1073
705
1190
703
992
1051
1187
1259
772
1081
1125
603
1686
394
1087
892
1366
892
868
967
1015
1046
960
919
1577
403
1145
1299
560
1448
388
1597
514
1461
989
926
601
1234
1762
2054
967
2022
1775
2305
1959
1982
1810
2167
1896
89
933
1245
827
2220
696
1212
732
1434
1234
469
1416
630
1741
1451
765
1043
1215
826
999
1727
1686
395
2169
1490
569
1346
528
2013
7
2128
2991
940
1443
494
1033
1341
541
2436
1920
1672
1240
1699
2003
108
1988
7
1866
1949
2405
1683
1223
1817
1895
1639
578
1969
1269
1702
7
2227
1218
529
1802
1708
469
2274
1419
2517
1936
7
2066
119
1001
1654
1297
1965
2205
649
2467
680
2077
11
894
1585
2157
1503
676
1267
800
1072
914
949
964
1287
1778
2078
1232
429
1433
1134
483
876
1675
427
1461
1072
439
1522
562
1321
1512
64
1447
495
2042
68
1409
711
1677
1164
2044
1869
2212
2709
1994
1722
394
1892
1669
490
1223
729
1428
2156
473
2236
1786
121
1955
7
1415
553
1946
7
1370
1408
2117
2017
1955
1501
953
977
1058
864
928
1033
1040
1161
777
1185
810
1347
495
1554
540
1012
1142
1922
1993
1954
1828
1982
2012
63
1375
693
1093
1025
997
1073
779
989
934
1095
1006
925
1113
1228
1869
2114
752
1975
851
2218
1668
1411
1757
1987
1756
2553
717
1029
2045
1690
2182
69
1381
630
1900
69
1191
810
2199
1327
1433
1530
410
2278
1743
82
1434
598
2030
2061
1867
81
1854
2054
82
1263
1021
841
2190
1083
650
938
1064
995
886
1051
1126
5299
449
919
1285
740
1559
5242
1868
1966
1412
960
1009
1582
386
1293
1311
284
1086
1321
1090
1109
883
956
946
946
1073
840
1106
829
1863
46
2010
2
1030
1582
425
2036
1321
1580
4
2051
990
1970
1120
1810
1724
480
1339
1105
591
1228
1081
873
1649
59
1477
1100
414
1612
327
1646
447
1609
361
1303
1267
512
1497
462
1580
321
1527
903
1611
66
1494
462
1494
1195
318
1486
450
2010
62
1412
922
1140
917
1138
1343
1977
4
1951
2006
4
2084
69
1269
1121
761
1299
1210
299
1939
1972
4
2074
4
1203
979
1281
1067
909
1105
680
1140
981
1746
1833
62
1598
631
1757
66
1551
590
1354
1112
398
2111
72
1558
430
1945
1418
463
1595
519
1268
1705
2263
1862
943
1917
1526
615
1473
474
1142
1382
532
1333
655
1267
1420
2001
2005
2058
1930
1613
746
1702
2248
1854
1152
1828
2396
1394
2546
1008
1015
1974
957
1022
899
1176
782
1034
902
2001
1838
1211
942
975
2011
1897
2404
890
798
1000
1108
1705
2079
955
1942
1770
395
1549
368
1493
1048
663
1264
825
1367
452
1437
512
1365
1004
894
1029
2066
672
1323
956
1670
1226
1878
1770
2513
549
1954
61
1592
349
1643
455
1379
753
1528
462
1302
1745
2076
788
1807
1766
473
1833
79
1460
1015
663
1365
643
2082
1645
2382
887
1569
2786
642
1866
1472
656
1876
1851
2019
1969
76
2199
1706
2095
2166
1918
985
2019
2085
1654
1867
521
1791
6
2050
75
1271
787
1203
1153
727
1222
793
1307
527
1285
804
1350
777
1278
608
1904
1928
1889
1232
2022
1617
2692
732
2271
721
1651
2096
1897
2591
900
928
1094
1176
897
898
1010
2165
420
1978
1418
2252
586
2021
2026
1959
1619
2241
7
1828
1651
406
1570
1165
468
989
1021
1362
705
2277
530
1363
1792
1026
883
944
1024
1989
1924
1378
1700
7
1859
69
1914
2216
1918
6
3792
2080
71
1940
6
2058
2022
2160
1913
7
1812
84
1620
472
1456
531
1176
1120
778
1105
1080
2240
567
997
1620
1759
726
2080
1695
86
1128
1482
511
813
1158
1288
528
1259
1066
789
1153
1860
2117
1634
2043
1093
1889
1897
2260
1832
2374
1262
550
1834
1653
587
2063
1403
585
1245
705
1538
761
2102
828
1800
1194
680
1695
3111
1681
915
704
1367
510
1496
1578
2333
662
883
1994
2054
130
1859
1072
1836
2120
1937
2121
810
1863
1207
1970
6
1986
81
1446
381
3126
87
1317
942
1773
2115
1696
86
1820
1984
1987
2227
97
1349
719
1182
1040
778
1026
1332
538
1295
1002
926
729
1221
1000
2193
474
1334
999
1281
411
1053
1813
1058
1395
2334
337
1803
1231
1100
1954
1873
6
1879
1323
1178
475
1479
645
1092
1791
1165
914
4412
639
1067
978
933
1265
760
1034
1462
1096
408
1589
365
2077
1423
900
1101
430
1381
1046
1013
958
1169
854
1222
428
1517
924
571
1858
45
1907
1687
421
1455
695
1535
322
2101
1814
51
1619
595
1373
515
1214
999
1315
1043
415
1580
473
1528
427
1583
543
1431
942
1363
56
1525
1012
716
1357
470
1539
475
1032
1066
969
1143
903
996
830
1209
928
992
1984
1817
1976
1291
1777
1901
52
1692
463
1898
53
1839
4
2996
1145
1947
1240
842
1068
1001
972
1628
509
1673
1179
1369
609
1174
1158
1138
945
1190
284
2034
2001
5
2439
711
2082
1750
2185
1744
2194
948
1614
342
2738
336
1345
754
1960
3379
2359
1248
970
960
1335
529
1093
1971
1529
1718
1982
800
2206
1762
104
1775
2218
1237
1570
1245
1914
1911
59
1860
1167
1079
1225
742
1177
960
1006
1030
2044
1124
777
1349
601
1354
696
1410
366
1513
874
1124
979
1835
849
2050
1783
1027
1409
643
1195
1282
540
1973
1094
1216
914
699
1829
1871
436
1527
365
1674
398
1134
905
1095
1296
1056
326
1842
431
1770
5
2663
423
2102
1186
1128
670
1290
845
1057
954
992
1214
702
1004
1968
1876
2102
956
1522
902
742
997
1203
647
1028
1146
2182
844
1582
2290
1004
1806
1594
588
1399
658
1456
596
1041
1071
751
1312
873
2112
1815
7
1857
2113
2270
931
635
1443
685
2169
9
769
1309
1828
1862
1910
5
2023
1474
544
1067
1244
1262
602
1877
92
1100
787
2001
1300
1998
899
1212
398
2005
1996
2186
1770
2107
80
1917
6
2071
877
2251
1618
2043
1098
1901
2280
1454
580
1353
485
1978
7
1392
823
1318
481
2008
1286
817
2482
599
953
984
2177
1647
2872
1373
1889
2137
825
1552
522
1796
2151
7
1092
1457
535
969
1231
2043
721
2380
602
2361
622
1739
3178
104
2055
1930
1987
1708
2344
1887
2038
1953
88
956
1120
841
1284
2093
774
2268
14
552
1139
1294
771
896
1144
798
1200
760
1973
61
1752
2281
1890
1873
98
985
1295
747
1395
994
2551
1418
1500
1159
1920
1976
2086
1955
59
2166
63
1173
584
4284
1541
1802
345
1941
1909
47
2036
1653
490
1308
1910
935
759
1024
1266
776
1026
1486
1712
811
1923
972
1041
2272
1219
637
1478
397
1654
340
2148
1169
718
1247
1181
796
1940
822
1064
1991
1850
1267
1109
1073
658
1268
666
1265
871
3812
76
1549
465
1557
364
1578
461
1352
671
1788
1304
920
993
1266
2625
4
1274
940
1096
876
2104
1578
1347
1966
2041
2322
528
2485
586
929
1415
1595
1069
1801
1521
1748
971
1486
369
1166
949
1126
1029
2008
1816
1459
501
1540
396
1710
449
1425
452
1661
513
1320
803
1643
2004
2037
82
1815
2226
1074
841
1975
106
1503
416
2206
1359
548
1404
506
1604
495
1790
1441
762
1031
1150
935
1778
1808
2032
2119
1994
1040
1131
1920
2105
2060
1749
95
1339
730
1464
602
1300
702
1070
1425
560
998
894
1382
492
1433
1797
1979
1146
1465
1378
2083
2013
1814
1859
1868
2106
1543
564
2085
1616
2310
1495
607
2061
764
1473
555
1369
1045
806
2742
94
1254
743
1758
1826
2824
577
1762
1963
2341
1735
72
1533
649
1431
499
1315
644
1725
1591
774
1241
736
965
1530
459
1915
6
1927
71
1967
5
1781
1685
687
1526
536
1386
444
1613
481
1470
414
1862
1677
467
1853
1605
476
1656
551
1398
496
1236
1682
2257
1779
82
1951
1968
90
958
1079
984
966
2326
1815
2058
1031
1230
560
1479
549
1528
473
1138
1404
577
923
2754
81
2027
1954
2023
1516
716
966
1609
1786
480
1957
1877
6
1820
2086
2386
1610
1728
482
1317
537
2056
97
1749
1235
2093
1134
904
963
1303
410
2044
1345
707
1097
1460
555
1084
1666
1890
1587
1363
580
1959
1067
1610
2514
8536
778
1115
1193
990
2030
1042
968
954
1012
989
951
935
1536
879
1130
451
2115
1437
400
1585
572
1257
893
773
1253
888
935
1284
1758
922
1187
1149
928
1196
565
1906
54
1023
1242
938
1310
551
2422
490
1527
759
1102
983
956
1095
1007
829
935
1731
90
1421
699
920
1256
1109
476
1670
408
1714
354
1568
412
1547
354
2628
464
2031
1981
78
2833
67
1465
651
1537
357
1362
2137
480
1286
1697
2063
79
1344
687
1340
704
1289
1998
543
1397
790
1168
862
976
1247
702
1205
1994
1138
422
1651
458
846
1734
309
1987
86
1707
539
1617
2044
2410
1629
1295
2096
710
2439
511
2372
1516
2156
1774
2466
789
1634
2727
998
1769
1712
2529
618
1921
1893
2161
2101
1136
1801
2157
2112
1174
730
2278
751
1595
2278
2016
8
1942
1602
1668
814
1098
2391
760
1599
2183
1640
2059
1281
1364
1149
1001
941
804
1168
941
1050
806
855
2052
1853
1724
2225
1863
2099
2100
2121
1058
822
2887
105
1254
689
2527
716
2075
692
1726
1524
1535
2471
856
1374
528
2045
1553
1343
1233
947
810
1219
866
1263
495
2078
2017
1174
843
1437
373
2277
937
831
1650
326
1789
1920
356
1803
4
2113
51
1932
1510
566
1222
979
825
1275
1943
1047
777
1587
323
1892
1710
281
1766
358
1593
287
2636
471
1209
1353
419
1387
551
1359
950
1887
1085
1952
1692
2078
56
2004
1882
62
2030
1965
57
1606
494
1532
470
1355
573
1293
1026
1932
1057
1187
611
2308
1034
1042
516
1977
84
1505
589
1324
1406
2013
2113
5
1772
2069
1711
491
1524
456
2003
70
1458
487
2038
1340
665
2826
79
2076
1322
766
3008
88
1963
834
1796
2034
2077
94
1451
637
1842
90
1076
970
1037
964
1233
1712
1840
1110
1534
586
2196
1136
717
1382
799
788
1044
912
1858
1988
2176
1123
1687
2126
1113
904
2175
1604
1979
1248
1757
1747
448
1592
513
1455
413
1402
962
1697
1393
476
1300
1927
941
1239
903
936
847
1257
622
1296
932
1203
647
2302
1194
298
2307
84
1258
342
7062
45
1025
1992
1912
1058
1099
949
1875
1960
2250
1772
50
2165
1796
59
1243
1848
1754
1354
1985
1842
2006
2015
1900
55
4763
536
1743
64
1355
985
1411
1169
1985
1147
1650
1348
1833
2067
1928
60
1876
1222
1837
1124
2096
1987
1877
1382
563
1834
60
2149
1455
632
1708
1854
477
1303
686
1305
713
1142
752
1266
1028
1023
1227
304
2034
4
2090
1633
372
1697
460
1397
372
2318
1134
911
2125
566
2093
1839
60
2157
1390
595
1342
567
1649
445
1424
471
1871
1982
1948
1377
975
1091
776
1895
1926
1926
1716
621
1946
1031
1166
716
2278
721
2109
1847
67
1955
1201
1285
963
976
969
953
919
1051
957
1059
912
1060
953
1010
902
1276
1717
882
1500
584
1755
4
1906
1815
310
2306
1236
1357
2030
48
1276
879
1188
791
1029
1452
1303
1258
2143
1380
313
1888
1743
507
1273
719
1205
1227
865
1010
956
1012
1107
946
943
1028
827
1225
1006
1028
712
1337
738
1145
1444
1295
1340
846
1123
1119
590
4790
1160
1025
934
1934
1007
909
2347
1333
428
1450
442
1862
2194
1870
4
1695
579
1400
1091
453
1874
59
1561
445
1888
1930
1814
333
2069
1540
518
1272
1012
1001
1041
930
765
1121
941
1051
1094
1810
1126
1053
681
1070
2096
1106
967
942
1066
1004
1629
4
2136
1087
1969
2013
1939
1844
2036
1067
2033
1067
1356
1081
541
1519
386
1529
518
2557
446
2038
1726
2148
1910
58
2158
1821
67
1537
488
1194
1245
597
1173
1044
997
1869
1907
1205
1234
717
1184
1049
591
1697
438
1431
483
1660
396
1512
492
1783
1238
1113
1191
1056
854
889
1120
849
1052
1693
2044
5
2051
83
891
1895
1983
2031
2014
72
1445
904
1662
908
1524
965
1115
364
1661
456
1596
481
1081
1289
672
1933
1034
1629
2808
482
2094
1803
2161
2120
2056
1872
2118
918
1027
2009
1437
585
2122
993
1818
8
1206
783
1415
512
1211
1708
2506
693
1911
8
2117
1510
914
1075
903
875
750
1506
852
852
1943
1468
2444
1884
130
1979
881
1741
1746
850
856
2292
474
2044
789
1161
973
1319
563
1257
1432
2441
2854
1111
1689
1517
886
1837
2051
2018
9
1210
800
1619
2602
1745
8
1287
1104
627
2050
1794
1885
1979
2120
2087
2010
1152
1682
2433
915
957
874
1456
662
876
2366
1299
1769
556
1685
1472
1337
566
1304
673
1391
938
860
1772
976
2234
986
1957
1878
1279
910
1242
641
1550
532
1022
1798
1949
1557
588
2276
584
1808
1555
1609
2319
723
2096
1262
888
1665
6
1649
476
1233
668
2303
659
1618
675
1777
92
2242
869
1206
764
1028
1229
993
1090
647
1184
1281
435
1861
1927
1954
1612
466
2125
93
1270
647
1356
927
1716
7
1614
540
1397
479
1451
554
1281
758
1053
1330
531
1302
1025
1480
1266
2086
901
1916
2004
2264
928
1775
8
1504
528
1958
7
1482
512
1293
2074
1689
154
1741
1894
1967
1339
1321
503
1413
1634
93
1360
664
1429
549
1226
1160
1089
536
1900
2484
563
2023
926
2407
725
1677
1688
816
1110
2900
199
865
1942
857
1820
3350
157
740
1063
1972
851
1238
1136
575
2382
639
1875
6
1890
2202
2201
1794
1756
1584
717
1083
953
2239
860
679
1638
507
1148
1222
815
852
4352
4414
1295
1274
395
1270
1326
388
1444
660
1232
1230
472
1538
479
1367
1020
1036
1344
49
1579
792
1220
1072
414
2543
492
2122
1476
492
1849
1505
1445
5
1745
255
1083
1102
1359
1230
349
1541
460
1481
993
930
1172
563
1294
1019
1007
925
1214
320
3378
1117
1011
936
985
926
1132
975
1191
478
2435
526
1368
627
1713
339
1540
477
1823
52
1978
1638
527
1451
443
1639
443
1319
750
1319
905
882
1239
603
1294
790
1676
1169
1208
775
1078
1063
955
1352
1017
1955
1440
76
1461
991
774
1109
1216
1029
470
1952
56
1954
1705
375
1438
671
1078
1049
993
809
1239
1933
918
1945
1263
1239
427
1138
1123
892
2222
585
1264
1114
1541
2049
1919
4
2112
1733
1766
626
