0
1120
987
5296
579
2194
824
928
6468
541
1012
843
1063
982
1264
703
2629
564
1029
1169
713
1090
991
1023
931
960
951
1410
693
1107
1162
832
1451
1747
1155
464
1362
747
1963
3777
2509
3325
4409
3660
2636
3387
6178
3
4253
7747
1373
1332
940
1033
397
1122
1222
747
1056
1387
1951
608
1347
786
720
1105
2925
1268
902
798
2079
1825
374
2767
56
1595
4390
4253
10968
9159
5
3428
3279
4581
2798
5861
933
2007
786
1513
7664
2585
4051
5134
11016
5566
4678
2726
6883
3161
2901
4950
1040
4521
2973
2649
1967
1129
7200
921
998
3000
3127
991
2905
988
3457
2014
449
1860
2672
3077
45
4341
1918
2856
1053
13153
846
2333
3171
1974
961
1001
434
1550
2847
2063
914
1209
14741
887
4184
1750
64624
389
2094
1234
798
972
2007
1103
1025
3832
2659
1204
1166
1515
330
1809
1767
366
1450
5796
957
1807
3098
2508
368
1387
3207
1309
328
2271
794
1184
3092
457
2248
811
5716
576
1224
741
1258
510
6319
3877
2578
1830
449
1552
366
1496
12036
766
1093
519
1564
53838
696
1395
3139
551
1156
738
1693
220
996
2987
2627
359
1759
250
2376
2212
815
467
1659
2653
2058
2100
2047
643
1078
1377
407
2254
1128
1767
2094
1078
1743
1236
3810
2859
1138
7584
486
2271
665
1109
1114
863
895
1280
771
1112
785
1232
3384
2507
2142
2838
3020
1792
1679
754
2356
564
1091
1312
587
932
1099
889
1036
1754
39
2045
1105
4101
751
3544
4259
2784
2414
2416
2364
1727
4825
2350
109612
155
2176
1925
1002
1109
708
891
689
1689
476
1281
649
1008
1203
938
962
1819
55
1081
843
1295
795
1773
2075
1209
1910
1071
1231
934
1052
975
948
983
1024
914
1071
2058
1208
724
946
922
1183
840
930
1994
1019
998
1959
47
999
896
2028
47
1889
3
1495
887
967
965
1994
934
922
1069
938
1074
1875
1652
266
1621
495
1555
420
1431
975
968
907
926
1040
1031
974
830
2028
962
990
1098
1706
43
2090
1530
396
1656
359
1312
930
784
1318
693
1008
911
2006
1119
987
1045
1750
2175
906
1752
215
1164
1831
47
1679
300
1741
256
1634
483
1491
874
1004
1070
616
1312
887
1299
408
1308
1001
1009
933
991
916
1034
954
1674
2960
1083
2755
231
1058
2646
1276
1567
1986
2043
1274
768
792
1325
960
1909
707
1108
1148
798
1394
453
1209
951
1170
928
1040
831
1147
2726
4
1196
863
952
932
1101
1424
928
921
1529
99
1348
896
873
2035
62
1178
537
1135
2813
3141
3
1276
550
1326
969
1314
709
1872
821
1052
1025
2122
2833
2564
1971
537
3234
2117
723
2157
2370
2848
1084
348
1102
2898
2956
2095
3797
2557
2005
13121
1820
881
2700
1604
851
740
1365
1235
1597
767
1098
1063
966
888
1704
543
698
2031
4003
1361
1894
791
2177
1977
1386
5214
266
873
1089
1825
2010
3017
1064
1763
1205
1341
1462
351
2076
844
1093
2435
1073
709
870
876
864
1870
677
5848
3009
4130
2453
2688
1961
2573
3353
5091
4289
3250
2678
1372
2684
1371
2144
3250
1712
878
1329
2595
2022
1292
508
1682
900
475
1297
643
3387
3623
1530
2848
1012
1171
603
2029
2117
1493
282
2723
207
1139
789
2514
1983
1426
2
2276
52
6498
355
7395
618
2999
954
1037
1358
644
3128
38567
667
618
1074
2267
1329
1996
213
2038
2737
3039
2311
2054
1114
1044
705
9781
471
2326
2795
1234
3437
3168
2004
3149
3337
324
3294
978
2835
1075
971
2074
980
1787
1954
1922
2087
1129
2140
2557
267
944
1255
879
1061
806
993
1045
1074
3646
243
1227
954
4195
1757
822
1547
7394
3132
2557
2022
4375
2397
2955
6283
2455
5207
2927
3594
2094
3323
1662
1096
1503
1668
1625
298
1088
840
1178
1070
814
861
1507
1851
2031
972
853
3242
3282
2668
2076
7164
664
3907
7000
3329
2125
1912
1625
1193
6483
7121
78
1523
1069
18059
320
1563
2985
2802
943
1159
586
2127
2224
818
2165
1705
890
1101
2768
13655
514
6768
6131
58
1608
1052
466
2381
2133
530
994
1107
2686
3024
1483
500
1781
493
1118
650
1333
988
1745
10013
1207
29119
940
1601
2087
17359
893
15351
821
13608
10657
9517
747
4829
3540
852
2024
1115
589
2104
60
936
2880
51
2519
594
1321
1756
1010
1521
1727
2060
909
501
1662
403
1187
9189
4539
6056
7115
4774
1806
4122
579
730
926
1300
1665
39
1551
297
1695
351
1582
524
1570
337
1186
944
1043
991
966
939
1995
965
988
1972
1049
1032
2789
256
1946
1229
968
938
2024
956
948
2026
963
958
2036
1902
1146
975
1017
1984
2222
917
1008
933
963
966
1965
983
1337
1038
1027
848
931
2001
1012
907
1040
848
978
1620
466
1492
952
920
1018
985
856
920
1074
795
903
1008
1023
996
935
957
1627
944
984
921
1097
906
956
958
1069
915
1024
876
1776
45
1819
1151
995
1739
213
2027
1644
356
2165
883
979
1963
44
984
1026
1858
2115
3
1402
1471
46
1719
349
1349
1013
880
1094
927
997
996
1883
954
1080
1926
901
1940
1075
1823
1780
836
1030
1021
1178
355
1133
1131
960
712
1013
967
1093
944
1936
1045
1120
1622
225
2633
510
1192
968
879
982
927
2013
977
1109
1423
471
1150
911
1058
937
986
927
1081
1542
925
957
486
1577
416
1446
515
1183
1398
760
1001
915
948
973
1042
921
1910
1083
2271
918
1003
921
777
1471
649
1106
924
1000
1262
711
989
1053
1439
410
997
1310
1040
579
1807
1936
1984
386
933
1574
1930
1978
1960
542
2376
1961
972
1936
1060
1093
2759
2197
677
1175
3768
2118
1694
833
4361
71
1212
1997
2925
2851
2860
1242
919
1867
2042
2072
1776
987
404
5184
885
2095
1805
2060
2543
374
1435
2891
1011
555
1095
1316
1218
716
1000
2868
2984
66214
872
1146
2413
2123
48
1590
1962
950
406
1540
550
3401
2988
662
1740
3672
2058
1819
1897
2546
3934
2936
384
10579
999
360
3403
987
584
1217
1068
1197
906
1301
1909
2015
262
1760
2844
924
968
629
2051
1332
3841
986
1998
917
2997
3107
887
885
1785
16171
5
1608
1920
553
2327
3102
2898
1563
9583
797
1054
916
3065
3254
1170
418
2490
651
6988
1000
9237
1822
994
946
1981
958
890
1904
1723
964
26721
764
2233
1014
2860
1021
677
1237
921
1231
885
3652
2006
1282
2998
1017
2814
3085
749
1093
3895
2457
595
2577
2626
2813
3005
1902
3893
1188
1733
418
989
6857
1936
1979
1942
4512
1802
2008
3072
3796
3423
980
9889
1634
4198
864
2149
2224
769
909
1365
2889
2843
2834
1882
1225
891
2618
309
3618
720
2426
4041
1674
502
2358
993
1005
1786
2926
2997
2936
2430
814
1167
2789
3270
3026
2910
2851
1021
2630
6
2831
2956
976
2943
1271
2904
292
2293
930
2912
1212
3761
1529
345
2624
409
2263
1623
1369
2956
1951
2672
404
112575
70760
865
444
58646
839
945
55221
1214
53912
219
51000
1987
3
41495
3673
1150
957
900
39233
830
36626
36161
22892
22248
884
910
19611
746
18383
762
922
16117
15464
14644
641
1097
13026
779
929
964
7931
7974
3
6551
832
884
3954
3108
798
2184
889
841
1432
962
865
750
1187
1514
422
881
1792
470
1724
3
1021
1005
979
1013
1427
943
696
901
1098
1977
1824
1104
44
1668
225
2356
396
624
757
1068
850
2103
1671
620
631
933
2190
207
886
739
1353
654
1348
858
1486
469
1093
1070
811
997
968
1057
1548
530
792
1008
1130
11137
807
1353
757
969
1166
946
3951
946
848
1105
943
3123
900
868
1011
1111
3583
2465
2929
934
2040
1010
1524
335
1804
233
1512
877
2032
1901
2019
713
1316
1594
2653
994
436
2455
1208
2674
1993
998
1018
1309
2597
948
3338
1068
387
2447
690
1979
1975
2433
2100
3834
642
2250
1050
2854
3024
2326
877
3263
408
2474
454
11007
959
3408
1045
2882
1049
2863
1038
2835
1070
3506
311
1737
407
706
2380
3949
910
2760
3951
1970
398
1515
9374
1999
917
2701
586
3334
424
1582
1753
783
7763
3954
2857
436
2888
11299
2753
2882
993
3352
1983
8411
502
2304
443
2483
1051
3943
3073
591
35212
1583
68
2477
912
2809
2121
603
1100
2391
3101
1871
970
1031
1893
1828
1279
876
1127
1012
1774
2624
2057
3226
2657
311
2064
2776
3686
413
2585
1994
487
1485
881
1878
801
1890
2485
3994
2719
833
2769
1127
61543
1732
995
991
1921
1019
2867
1865
3704
1927
870
1335
3656
3097
2053
9877
923
1904
1533
321
3647
329
3570
325
4365
891
2963
3445
350
3613
536
6063
1749
3998
3424
827
2920
936
3966
3224
949
8474
453
1425
909
997
14993
953
850
887
957
995
1618
478
2486
2126
63204
83
1015
1702
471
1246
1641
1139
734
1026
1466
1004
3210
2065
2087
49
1102
1619
373
9123
2014
1098
786
1968
6033
2995
7851
4182
4467
573
2853
3885
3867
377
3110
1002
6504
481
1384
168358
339
1861
1271
738
981
1906
837
1064
1413
1241
439
2336
721
1228
1901
2201
3952
1885
1660
9489
1770
1314
2022
830
4086
3255
375
2630
392
2572
299
2603
613
1350
882
5631
10746
2915
289
1141
6178
2157
1843
23126
1080
410
1344
3126
2142
1622
974
3620
1241
1813
2785
3073
440
1125
1964
895
2972
1953
2498
341
1402
865
1207
783
874
2518
424
1715
174
1143
1544
405
1079
930
925
1288
2830
45
1461
845
779
779
1253
711
1590
1129
353
973
1060
921
1033
914
1390
635
1083
2018
1955
45
890
1984
46
1730
322
1281
947
1001
865
2011
962
930
1103
892
1016
964
1314
683
1017
2016
1918
45
2039
1109
894
1005
989
1297
974
1003
976
1183
811
920
1075
963
1016
894
1394
496
1475
879
1058
1014
954
874
1306
407
1259
1005
1965
977
855
1818
44
1143
878
1080
1543
943
941
891
1009
975
949
1015
913
1027
847
1304
686
980
962
2014
959
1079
2341
994
904
806
1331
968
947
1093
899
930
985
832
980
1421
966
1054
896
993
983
1079
874
975
951
852
1291
1006
901
1065
926
961
949
1013
837
968
981
2001
983
916
1169
856
1861
1745
419
1503
1000
1068
947
1534
1608
409
1278
831
2111
949
921
1048
950
1015
910
1585
425
1514
376
1571
948
1499
2
1536
899
831
791
2070
967
918
1027
986
971
1935
1473
932
985
1028
926
1005
909
1990
968
1277
597
938
988
954
1993
1104
2002
1464
785
964
988
1001
1008
908
2014
1033
845
1068
945
955
948
2010
1091
961
1412
1007
976
931
1015
959
979
933
1304
690
958
1025
967
980
963
962
1975
1001
967
2363
956
934
1028
978
960
1011
761
1190
942
1371
963
945
1004
939
1028
654
1313
922
1189
753
1978
992
992
1021
903
2012
984
848
1722
282
1005
939
3041
47
1045
1307
1002
920
942
1073
922
964
973
1975
998
853
1025
971
1944
1527
940
1018
892
1050
998
1049
1899
948
932
1319
1057
426
1479
999
605
1315
1007
938
1052
907
1377
378
1570
420
1489
923
673
1405
903
921
1096
634
1323
858
1342
435
1234
931
1024
937
994
946
1254
1364
265
1613
496
1509
425
1457
1026
966
851
979
1003
980
955
952
994
1032
946
914
1227
1021
894
975
884
1102
951
922
1073
919
1012
857
1067
1891
2096
1032
1946
2
1340
957
1100
913
1020
934
1037
671
2281
936
951
998
982
1946
996
976
1088
855
1941
1183
1816
1130
1906
2
2048
46
1840
3
3201
974
1040
977
968
1983
1312
935
954
1009
984
961
975
1037
961
1009
848
1022
978
1646
365
1568
407
1533
932
561
1353
951
910
1078
918
1011
905
1276
709
1011
850
2046
912
2029
1198
856
951
3372
1611
1083
1632
224
1767
268
1646
379
1562
428
1508
944
908
958
998
906
1314
465
1209
954
1032
945
970
1561
307
1661
418
1987
1887
47
925
3091
79
1895
1518
579
1381
555
1418
934
984
1015
935
994
955
1026
963
929
972
2233
745
931
1239
847
1055
863
1987
971
933
1315
1061
1017
961
962
973
880
1076
1035
769
1180
905
1031
1496
922
1001
465
1502
945
941
1021
957
940
2102
3944
2816
967
2280
1081
3429
1039
2315
2079
3855
3858
11504
515
3310
1121
52327
1805
403
1724
373
2355
632
2359
413
1578
929
1890
1090
676
1206
2909
3121
3855
2774
1679
2918
1018
2044
2042
2727
961
5049
856
2883
2968
2862
1565
9483
901
1128
8874
62
2691
509
3408
984
392
1939
1664
389
3028
1519
959
1975
4129
2892
1046
704
1302
1814
1018
2918
3841
838
81071
1303
1039
1084
858
955
1190
2724
1015
1961
871
1729
1685
929
1062
520
1392
949
1024
947
1083
2905
1903
1032
1953
1979
2874
2027
6921
3703
331
6387
1797
2097
1176
527
1055
2926
2541
3078
941
1893
3532
3513
502
3403
1067
864
2173
479
7937
3303
1990
3101
2734
1062
7806
3413
1049
1958
957
921
2578
2962
255
7676
398
1460
483
2050
3376
929
576
1171
3136
3017
893
1077
1989
1788
1203
2929
3981
3212
1064
6852
899
5335
815
3297
1930
480
7619
437
10158
740
1064
6331
1178
1037
5854
1971
3153
1037
130515
1904
1897
1418
983
1003
1937
1034
1784
1280
977
2464
621
8284
457
2399
1013
4016
2849
760
1114
2964
870
1938
1022
1996
2947
1809
3139
2786
411
2509
557
46353
627
1542
2573
1989
891
2025
1158
803
916
1202
34420
234
1379
580
1154
1007
2020
9905
2035
1746
813
1290
1500
4252
6109
1842
401
1177
1017
10918
14526
686
11026
1914
1966
1331
3062
905
1087
412
27393
694
1043
862
15095
859
12315
12315
11338
11599
784
9518
57
1130
946
1168
861
1929
1119
1878
1270
2169
2300
2038
1895
413
10057
1404
6024
934
850
2034
1002
767
27874
22865
54
1597
18932
813
17352
958
967
925
9490
926
6259
891
1531
9005
8797
1514
52
3718
235
1626
918
914
4061
953
929
654
2292
2527
9289
1691
6075
1558
2952
826
2028
960
866
26882
1708
19317
19676
253
17515
1573
52
9005
1925
4950
3037
52
1006
15907
65
1184
11875
11883
11042
52
8345
1196
697
1810
897
2497
546
1910
1140
927
940
1343
1251
586
934
1072
1299
939
1001
988
1043
572
974
2432
996
907
1047
954
993
918
1294
692
1075
922
1038
1007
938
947
1241
735
981
895
1536
1093
838
958
1039
1039
525
1350
1034
921
973
798
1006
1021
972
947
1265
1742
1906
1673
368
1431
1029
931
1013
913
1024
1589
45
2370
615
1280
871
1105
832
1128
892
1025
952
969
1025
1884
1542
561
1100
1400
941
921
1102
963
924
977
1054
933
917
1008
1220
744
930
962
1850
44
1702
256
1884
45
1709
405
1557
560
1388
976
1045
552
1356
946
1197
360
1286
949
1257
1168
423
1468
544
1461
956
954
978
1020
925
947
1631
1085
1020
1908
1135
1335
985
583
1030
936
1999
1156
1999
1839
46
929
2543
944
914
1046
994
998
891
804
1831
2100
1137
2055
902
898
1947
2
2506
965
903
1081
910
1003
923
1200
938
1020
906
671
1537
920
952
1070
614
1324
901
1254
827
922
927
1051
943
1019
908
1014
1031
930
922
1679
299
1648
274
1691
449
896
989
1914
1133
1988
947
1113
922
1103
1988
937
1012
1409
1493
1145
1797
1048
2040
45
1702
255
2154
987
966
1949
1006
891
2037
1094
1342
680
1308
916
960
940
957
1016
872
1247
1375
298
1639
389
1548
1559
1364
943
939
830
1065
1924
1317
520
1384
872
942
1495
313
1180
928
1015
1010
1894
1027
963
1011
2030
994
1610
288
1457
554
1408
928
1000
782
1233
982
1056
864
963
928
2064
886
922
1090
935
1778
1709
557
1289
946
1258
361
1266
942
1844
1074
920
2458
957
989
1051
900
991
987
685
1236
1011
927
1000
991
940
958
1023
1069
971
960
1245
1292
446
1515
516
1429
984
884
996
973
1044
856
1268
456
1261
947
1011
947
1016
907
1025
1813
48
1955
2003
53
1919
2146
1478
491
1511
911
969
1009
963
934
812
1302
1053
977
967
603
1390
517
1406
994
983
950
1000
1231
724
987
936
1989
978
908
1204
976
939
983
1191
751
1016
909
2017
972
1546
534
1438
951
945
1016
945
1547
2
1985
45
1626
408
1632
449
1475
408
1556
967
1015
877
1108
578
1293
1141
877
1076
1037
782
1220
979
929
965
1028
935
975
988
1054
683
1218
956
1733
45
1675
255
1747
297
1642
433
1493
453
1101
886
1994
1009
949
1295
703
1549
975
1016
937
1008
935
1036
918
999
935
1026
992
943
1358
490
1500
953
399
1572
942
1011
915
1049
1028
970
984
1022
968
932
934
845
1337
957
923
1268
467
2193
1060
599
1229
939
1246
761
980
1862
2014
47
1973
2191
110
1075
695
1219
955
926
2010
993
905
1305
715
1008
917
1665
308
1632
405
1591
350
1473
914
1032
633
1287
933
1065
967
955
923
1072
1010
934
910
1461
424
1643
475
1623
265
1554
840
1234
440
1313
1714
1770
47
2044
2118
1824
1989
49
2077
1511
429
1478
752
865
1386
900
1124
1022
904
1757
1491
401
1321
674
1455
739
839
2063
1896
1105
881
926
1098
886
1593
972
964
763
1033
1193
951
1964
2612
2479
1874
1114
2882
912
1047
2044
3979
2874
967
11359
488
4076
1548
444
1505
491
1664
1837
548
8055
3826
3906
1504
3281
2620
1048
82065
859
2585
64
1138
1314
727
1977
1120
2240
4711
2813
1806
1409
1746
576
1587
3633
1351
2503
1049
2091
1266
1450
1606
1722
2982
1812
614
1682
2564
1097
775
2036
933
3689
2849
733
815
3266
602
4470
2692
765
4162
870
1051
846
1110
5038
795
2193
8004
46993
1336
429
1405
1953
933
1899
12
1146
665
1280
2639
2795
386
2573
2897
2688
2899
993
6745
2034
2741
1155
312
1126
2216
589
2176
2041
969
50128
903
771
1131
1033
3029
2965
1790
3625
383
1794
423
2310
451
1798
3294
1841
2947
1276
2469
1048
1287
52
1638
1684
3975
3794
2987
1016
8251
686
3407
2819
1725
3324
150160
744
1384
594
983
787
1438
901
990
2865
1868
996
2728
7715
814
5108
859
673
1019
1251
1897
993
1376
612
1504
4957
4731
3952
8833
2688
2192
2
1344
1269
408
2381
2006
893
2000
6890
6539
291
1415
1099
573
126214
91199
225
2029
927
1708
43999
3470
68431
67956
66847
81
1119
1433
921
302
4018
355
657
1673
412
1810
2004
2730
1537
2056
2004
1966
1676
785
787
1990
1846
120
1232
1028
639
1270
949
1112
849
995
2178
444
1570
276
1711
347
1605
278
1754
483
1542
351
1404
922
1027
853
1330
727
984
1927
1781
61
2240
1735
64
1526
423
1410
982
934
1629
89
1316
1003
1043
1171
603
1471
384
1847
51
1604
487
1579
425
1442
497
928
1894
1259
1765
1070
1105
1864
46
1385
684
1045
1088
1755
2047
48
2012
1005
1917
4
1053
1988
51
995
2089
1540
401
1361
726
1326
683
1897
1297
1675
1113
1099
946
1039
965
952
938
1053
963
973
2215
1120
971
1117
883
1063
978
902
1034
1662
2032
1840
47
1100
1625
312
1601
414
1559
935
1033
860
1057
927
1015
906
1250
1006
520
1223
1033
960
945
920
1591
397
1026
998
1144
744
975
1347
1330
299
1567
935
532
1356
1155
992
631
1126
1343
406
1778
2067
5
2046
51
1648
282
2282
882
1910
1567
649
1178
994
1002
1014
959
1005
1323
586
1902
1836
56
1940
1601
422
1605
586
1436
439
1428
585
1273
919
1896
1782
63
2076
1781
2120
1493
506
1411
688
1308
980
899
1113
855
980
916
1479
359
1558
373
1141
1033
946
1224
790
950
873
1234
1238
1314
293
1488
1554
69
1394
397
2133
80
1167
947
1206
572
1329
730
1384
1811
839
1551
367
1831
1999
1657
1745
1049
871
1022
1445
349
1170
960
1356
685
1009
1155
1082
1124
860
886
987
956
990
1196
862
1266
644
974
1034
1285
682
887
1348
665
1021
1901
1666
393
1394
1067
634
1388
827
897
1187
1109
861
1520
2141
1839
1091
2242
1629
1424
874
1157
985
804
1450
711
1139
926
1073
875
1005
774
1990
1016
909
2446
847
957
1670
1255
945
1485
454
881
1723
357
1577
435
930
1463
1568
1390
623
1539
452
1522
587
1299
1760
889
1762
1567
870
950
1485
298
1348
624
1333
1751
1880
48
1441
970
1257
305
1329
1058
1142
958
919
990
988
928
977
1710
55
979
2362
1476
1064
1814
308
1564
408
1847
2037
2038
48
1979
4
1562
807
1612
5
1930
46
1936
1986
1927
1818
476
1554
275
2029
47
1922
4
1975
1721
352
1645
382
1450
901
1034
951
975
980
1146
618
832
2048
1573
467
1411
988
1084
980
968
1043
880
1091
766
970
1137
829
903
1400
890
771
901
1492
498
1071
1897
1249
1628
1196
1037
1504
370
1710
320
1520
881
995
1222
534
1241
1013
1122
874
847
1182
519
1281
883
1379
1583
64
2178
1261
464
1371
630
1417
944
1233
419
898
1126
1994
1802
1041
1502
1553
52
1846
2447
904
949
1018
1369
398
1245
879
1215
1071
1163
689
1024
1086
861
1394
464
1585
456
1112
1289
654
1845
52
1512
421
1859
56
1562
874
1093
903
1069
1122
783
777
1511
306
2701
464
1811
2041
48
1054
971
963
1975
3
1214
1250
879
871
1534
429
2103
902
1067
1186
546
1998
49
1051
1624
417
1313
949
575
1774
306
1288
1241
510
1480
931
1163
407
1364
988
1669
1876
50
1061
1150
1673
1057
2389
1558
1141
1855
1687
532
1476
460
1412
729
1112
2085
795
2192
595
1198
1986
1366
589
1397
976
897
1102
933
1075
850
1540
1401
995
965
1010
1127
824
1199
666
1124
1730
1116
1955
3
1035
1873
1988
1745
412
1889
1648
405
2054
1471
941
1731
1159
1126
1499
1369
935
1802
1160
976
2050
1049
934
807
1925
56
2053
1926
86
1056
852
1189
882
899
2072
1853
2147
1563
421
1297
1304
443
1308
826
884
1390
912
1175
536
1246
908
972
1048
931
971
989
1300
1197
288
1645
349
1712
285
1543
1353
1665
876
1454
50
3214
1232
915
1143
711
1523
423
1586
353
1528
1434
4
1523
443
2026
1282
979
921
908
1951
1024
956
1887
1084
956
1460
968
1077
957
1039
851
1577
4
1804
291
1130
988
1194
1885
891
1017
1927
970
1015
972
986
2080
990
1913
1082
1883
47
2042
1988
1023
2066
1466
424
1489
1028
880
955
1054
919
748
1173
1047
939
936
979
1173
737
993
1008
1912
1117
1863
1262
883
1303
747
2402
514
2469
563
1315
1049
1038
897
1085
915
909
972
1117
828
1625
685
817
1262
402
1639
364
1529
493
1446
893
1514
51
1437
931
1228
473
1266
886
1324
1000
728
922
1117
1119
927
890
1749
51
1142
946
1006
1006
956
1722
358
1624
278
1433
1056
934
1013
909
1181
594
896
992
1932
1837
1152
1954
1178
1806
45
1422
919
1325
563
1088
890
2384
414
1092
1420
669
816
1093
1823
2401
1473
272
1615
367
1594
404
2034
4
2364
912
889
1246
1007
1039
646
1012
1899
1527
1333
51
1146
878
990
1807
257
1843
1342
840
899
1992
976
1107
2048
1090
1318
940
763
1341
863
2007
939
895
1113
1021
982
871
2373
428
2030
1540
447
1369
1014
984
1459
1803
282
1304
1148
876
955
932
1244
596
996
1024
1997
1859
986
1008
1091
1125
1728
1316
957
996
1734
1107
2010
1699
254
1047
2001
1022
1561
500
1978
1452
479
1532
1023
880
1030
944
1010
904
1029
1016
952
1322
386
1224
946
901
932
2252
1664
1748
267
1636
508
1860
50
1519
509
1443
973
940
1590
1055
1258
1032
1034
917
1164
873
880
1018
929
2033
930
919
1085
1024
946
882
1004
1475
964
888
1070
936
921
925
1516
371
1154
888
1271
913
1008
948
1115
867
953
977
1979
941
2079
1243
941
931
1035
964
1023
894
1314
1093
453
1429
1035
458
1483
901
1061
940
1015
1080
1546
54
1411
890
1066
747
1028
1005
1240
1500
2065
1051
980
1276
1570
1708
404
1065
1005
1196
1723
1945
1068
1455
1028
479
1177
1084
953
978
930
1015
1015
943
1581
343
1311
983
1329
406
1532
596
1039
1018
1041
952
1412
516
1429
461
1494
546
1686
295
2115
1037
990
888
1277
795
2278
681
978
1025
859
1947
1138
954
2104
888
1984
2079
1177
1642
2091
7
1613
417
1998
5
1549
411
1506
928
563
1655
447
1303
1023
956
976
921
780
852
2394
1647
57
1162
1849
1674
298
1247
2082
1643
1952
45
1951
1535
605
1332
953
977
1406
384
1125
1229
720
1020
933
1993
1590
264
1693
307
1628
417
1650
330
1575
851
944
952
887
926
1047
964
1036
1251
783
1920
1033
2167
700
989
1261
692
1013
1042
1967
1868
2012
1130
1140
1683
1599
897
1302
513
1174
1697
1258
934
924
1091
1762
52
2123
1695
52
1671
400
1600
509
1449
590
1482
525
1435
553
1434
867
1083
949
638
880
978
2011
1940
2009
54
1907
3
1955
1193
2088
1864
53
1584
428
1603
360
1526
491
1142
945
1164
2418
449
893
1024
1827
1793
446
1786
64
1616
501
1756
1233
1552
430
1094
2835
59
1507
402
2395
1514
2
1948
45
1758
254
2367
1369
272
1637
964
921
986
1512
1472
944
739
1212
649
1137
1381
1374
2152
2292
1221
603
1362
1001
927
1022
564
1946
4
2399
947
882
1036
1434
322
1133
1568
313
1646
406
1909
1101
948
2264
1097
901
1006
1250
805
810
1043
1475
386
2024
2161
925
1010
943
1041
877
2253
800
1392
969
1523
52
1313
1017
893
964
970
1231
786
1303
666
1977
980
878
2404
961
917
1614
49
1363
863
2028
924
1257
795
1433
446
1498
482
2097
1481
419
1510
479
1419
1042
1386
1545
1009
865
941
769
1082
1887
55
1292
976
1024
957
978
760
2502
411
1342
872
1001
957
1258
754
929
976
890
1534
952
1541
2344
966
1023
979
1994
787
1143
777
1061
2315
936
1771
1874
43
1452
509
1498
954
948
1563
65
1364
799
1376
611
1013
897
2164
888
855
1329
1232
992
840
1039
903
984
923
2004
986
1323
493
1011
941
1010
1000
966
1901
2082
1040
1668
424
1948
1416
953
959
990
1296
449
1814
48
1556
467
1590
910
1183
373
1500
932
539
1034
994
1215
1145
606
964
1581
977
982
521
1639
239
2535
932
949
1073
1294
323
1902
1090
970
1050
1432
1418
2047
2063
45
962
1133
860
943
1101
1447
961
1073
888
1006
936
963
949
2058
1606
2
1136
1624
267
1619
444
1583
393
1517
1082
396
1493
1008
988
977
541
961
1004
1168
824
1999
1888
1074
2021
41
1695
309
1193
1024
1948
1004
919
1028
892
2027
944
1268
1997
953
838
1214
888
835
1067
1500
1096
413
1384
1018
968
1018
938
1010
935
977
938
1034
959
943
924
2047
1008
926
1600
275
1732
258
1222
921
1398
974
1118
993
412
1070
1872
1056
1983
1912
47
2057
1668
679
635
1606
902
982
937
1034
1506
43
1557
447
1539
915
993
1464
57
1188
801
1050
1886
1459
613
2479
831
1587
49
1413
903
1027
890
820
1203
853
1015
1007
919
1564
869
994
914
714
2313
867
2036
759
2061
1416
922
922
1054
1015
994
1049
1002
943
985
883
1311
422
1543
837
857
