0
1909
1168
1499
461
1583
421
942
2044
40
1927
1237
1090
868
1413
592
853
1068
1040
1013
1405
374
1116
891
1257
988
1465
280
1988
3
1129
1246
1087
866
1105
1045
700
1806
1173
1076
946
1055
996
2557
213
1116
6056
3
22483
5244
1966
1947
2226
421
5598
5670
340
3048
937
1103
1065
1241
593
1135
1788
39
1699
482
1577
453
1613
226
4521
7952
316
2593
2206
3528
10811
413
7505
362
2791
41
2112
4125
13
2837
1140
848
1833
2049
40
1398
1529
2
1092
1688
240
1903
1823
225
1767
377
1065
958
1852
1248
860
1818
1114
1991
3
1650
414
1073
1792
1240
1475
425
1210
1739
971
2010
1022
1950
43
1754
310
870
1390
1613
47
2076
1103
1545
193
1052
2138
1888
63
1879
45
1981
1679
510
2045
820
1892
2110
53
1922
5
972
2078
2461
444
1490
958
647
1596
474
2016
882
1147
1917
937
1045
1881
1570
681
938
2479
449
944
1112
1301
1529
1954
2006
1603
557
1765
1168
2191
915
1614
351
2087
1532
400
1712
1482
1876
1142
879
1057
1790
2077
1024
1840
1986
54
2017
1862
2000
2376
2112
664
2234
1385
322
1738
302
1926
66
1865
2068
43
1694
349
1940
47
1891
1549
675
1857
4
2404
1379
2566
744
969
1782
2429
621
2173
877
1242
821
1887
4
2410
1208
1530
51
1728
2104
1226
1626
2141
56
1623
441
1578
307
1918
1368
1681
44
2116
1841
1930
2086
47
1110
994
1808
1996
60
2216
1924
913
1694
325
1948
49
1778
4169
980
1785
282
1658
339
1838
1142
1123
899
1148
1711
2342
673
1078
2678
274
1037
966
2002
1271
1368
1386
1299
738
1752
211
1894
45
1075
2548
1111
1610
1326
428
1857
1102
1977
1992
1094
1177
2027
740
1345
1939
774
978
2141
804
1043
2077
2213
1804
940
1997
1082
1715
2360
800
2020
1831
2030
2114
56
1800
18
1156
2097
855
1421
882
1258
367
1073
1129
1860
1210
1255
809
2061
1660
1043
1074
1283
658
1656
286
1699
263
1711
192
1548
582
1077
1537
467
1637
260
1700
361
1691
241
2647
472
994
1016
2051
2014
2865
975
988
2152
910
2328
1624
60
1847
47
1974
1742
363
1852
2129
1337
771
1955
2016
2040
2113
833
951
2051
2108
1771
85
1869
2973
69
2121
5
1073
1850
1048
2037
1790
1267
1587
225
1868
1605
494
2028
44
1647
418
1620
706
1169
991
1360
42
1564
911
1466
42
1110
1400
553
1351
803
1176
649
1282
1311
494
2236
605
2344
720
1705
247
2086
2042
935
976
1321
1230
696
1046
742
2111
945
1056
1073
1416
337
1736
411
1640
361
862
2863
1116
5119
5843
401
6977
3
5612
3548
6790
3843
9685
411
2559
551
2633
5
2199
43
860
1000
1468
523
1136
952
1064
764
2226
909
2014
1227
780
1175
732
964
2053
919
1343
758
882
2000
2
1032
1323
681
1244
943
1728
1944
42
1652
1130
212
1100
1571
1235
1384
876
1345
902
773
2365
754
1234
612
1138
1260
704
1393
624
855
1044
1518
372
1151
1079
902
1120
854
1269
691
1337
713
1452
403
1666
431
1520
411
1479
932
693
1486
351
1548
508
1574
575
1523
365
1132
1536
237
1314
754
1061
1988
1577
387
1666
302
1465
533
2236
703
2035
1128
896
1106
985
954
1092
891
892
1141
913
1183
851
936
1142
1049
763
3478
681
1129
888
917
1119
993
2852
961
1159
834
1151
1004
1059
806
1148
943
915
1225
857
996
954
975
978
1103
994
989
992
1157
891
899
1113
956
949
977
951
1050
1196
893
927
979
1143
870
1105
1005
902
1168
854
970
1169
867
1105
928
940
1074
887
960
1188
885
986
1099
889
1201
841
926
1156
1032
888
992
1142
930
851
1020
1144
875
1080
1044
919
1133
855
1006
1110
876
1090
962
911
1135
845
1195
903
932
1107
988
907
1200
803
1066
1102
842
921
1126
1011
900
1133
921
1138
842
1094
945
993
1025
920
975
1180
841
1046
895
1121
959
946
1028
1148
904
1097
1062
863
907
1111
1148
2658
1197
1058
957
1027
1015
1390
405
6114
41
2087
745
1015
1205
1213
2135
457
2716
380
1025
1530
1112
315
933
1325
872
848
2736
242
2049
929
964
1237
939
1332
1840
688
1429
890
818
957
1041
929
1389
1108
531
1365
581
1057
1103
1823
38
1955
39
968
1047
1146
1888
4
974
1183
1812
975
883
1694
412
1057
1968
59
1294
605
1957
53
2046
50
1867
52
1957
1162
876
1921
1010
1535
491
2013
2935
44
972
1717
325
962
1594
1066
366
1232
725
1430
549
1521
683
951
962
939
2091
1955
85
836
1756
288
4743
545
2579
184
925
1102
1414
476
1109
2678
203
2846
239
1042
983
1422
888
3892
2099
790
910
1413
479
4900
285
2436
421
1195
1454
561
908
3676
230
1203
1630
2052
40
1776
156
1355
2107
3000
1198
467
1100
2624
217
1991
49
4893
3730
3783
2743
1730
2023
2594
3402
1340
35712
1552
495
1519
1514
76
920
1161
1026
936
1106
944
862
1082
1870
1077
1166
814
1007
935
1062
1136
888
875
1013
3348
607
3238
6951
3002
2474
3870
7273
3448
2439
6743
8
4322
382
855
1136
1019
924
928
1063
1035
959
897
1049
1012
3684
5568
1987
2109
2620
7084
2785
1346
1114
972
880
932
898
1051
1022
925
1021
1095
923
1062
941
1047
1004
995
979
1162
921
927
947
1061
912
1049
950
1244
1129
605
1047
1221
875
909
1204
791
934
1003
1028
1165
915
999
1013
1030
985
1006
960
1012
1062
940
980
1069
954
1032
936
1056
918
1080
948
1066
969
1054
1059
949
1005
916
1066
1132
817
953
1045
1063
922
1008
948
1083
1033
871
3657
1710
2742
5672
2269
1504
2383
5799
4233
4035
8721
1993
412
1016
815
951
1129
1002
986
936
945
1131
924
1014
952
1114
975
1037
901
1227
2696
2737
2049
2440
3162
6740
330
6110
3344
3198
4013
979
939
1079
964
1085
886
1022
963
1116
883
1054
972
1111
876
1083
1082
912
957
1520
578
871
936
1055
1055
956
1085
973
955
972
1016
1045
951
1199
1065
1143
725
884
893
1126
961
1369
784
919
970
954
1028
1063
1013
1086
861
1069
969
971
1032
966
1076
1003
933
1064
971
988
1262
683
953
1068
1008
1023
1022
1021
934
1069
931
1034
1092
933
989
942
993
1019
968
1080
941
1042
1428
833
707
977
930
1028
1064
1046
950
985
2224
740
1001
882
1152
1023
1067
890
988
982
978
1038
1216
863
934
973
1019
1062
906
1036
1018
1013
999
947
1024
1002
1028
895
1137
952
924
1001
1054
1030
986
992
1059
963
922
1009
1003
1006
1001
1265
666
996
1019
1030
1394
1573
1085
1047
965
1035
911
1065
976
1009
942
1187
863
933
1017
1305
714
972
951
1246
918
882
1064
1124
896
920
1042
1095
903
1047
919
1213
846
1018
928
1225
1068
701
992
1142
959
951
901
1102
1001
1062
2167
743
1011
906
1238
781
1024
1058
1287
726
995
912
1200
886
963
994
1087
989
972
5455
4235
3450
3101
3601
1479
2530
2777
2213
3472
2465
735
546
806
1204
896
937
952
1148
918
968
1018
963
1488
559
892
1119
965
995
1056
976
967
950
1103
1044
1204
817
867
1115
983
981
997
1001
1051
1420
553
1024
966
920
1020
1076
1218
1213
621
974
912
1053
955
1060
955
1034
959
1089
951
982
1004
941
1051
1036
995
1019
2098
894
1039
917
1009
1371
643
971
948
947
1089
963
1022
984
1368
673
955
994
1180
890
990
1003
1055
940
1003
964
1056
984
990
947
1119
899
1085
904
1062
995
1007
964
1091
907
1074
941
1041
912
1133
993
856
1072
963
1020
988
1056
978
1002
1029
970
994
967
912
1059
1016
953
1086
960
984
1008
3516
484
968
1117
880
984
1041
938
1041
1043
1070
899
1026
982
1099
974
1119
826
1153
869
1137
868
1506
710
824
913
1064
938
1128
886
1086
966
970
956
1088
951
1128
912
1025
946
1013
984
1088
972
972
977
1047
982
1007
986
1055
926
1070
948
1073
1322
604
949
1020
972
978
917
1074
1092
896
988
1107
973
1012
1014
1002
966
993
981
1076
925
999
1007
1035
955
992
962
1094
996
973
1027
1007
1055
877
990
1048
1119
876
933
1169
904
977
1001
1068
993
939
1010
1104
1054
871
928
1088
950
978
1005
1047
981
1061
922
1042
985
962
1020
1121
974
867
908
1189
900
1063
893
1789
244
1088
843
992
1037
902
1081
1172
923
944
952
1143
922
967
1009
3484
839
909
890
869
1121
971
944
1014
869
1079
989
1119
841
1126
908
1150
852
1133
860
958
1068
901
1077
1022
1008
909
1097
998
1412
693
937
856
970
1055
1056
977
1014
1023
1146
864
1087
917
1089
843
1010
1041
1079
886
1040
1023
964
1029
963
1047
956
1080
895
1085
927
1079
1301
609
1098
874
1058
999
963
1148
862
996
958
1116
896
1204
880
1060
916
3672
347
1148
799
1166
916
1038
942
1015
1003
1061
950
1011
1324
589
978
1101
1026
974
925
1079
979
1185
886
909
964
1044
996
1025
957
1081
984
976
932
1113
1013
968
968
969
1133
966
934
1109
923
948
982
1142
926
928
966
1067
987
1056
862
1127
942
1135
849
1088
1282
1452
938
269
1033
935
938
1097
911
1133
922
1120
898
1008
980
1044
956
1054
910
1273
769
1244
626
1118
983
1045
971
1179
910
1056
838
1174
822
1009
1009
1055
1028
935
1025
1065
1325
625
910
1090
965
995
945
1116
987
942
974
1081
1047
935
942
1116
994
959
1030
992
1004
957
977
1118
938
994
933
1122
911
1003
1000
1085
886
985
997
1140
853
1024
983
1089
962
1055
922
1053
974
1034
905
1073
875
1101
888
1182
946
940
1291
752
992
931
935
1152
941
1051
960
1004
943
1036
979
1074
1002
1029
933
1034
966
988
1035
1010
898
1048
957
1108
920
1056
981
1069
989
980
1199
795
855
991
1027
1027
1041
975
989
1133
940
965
1021
1058
1020
908
915
1027
1078
914
995
1512
482
1016
1024
1065
1035
962
892
986
1055
1044
968
1115
1042
820
999
1068
1033
1027
892
1065
967
1311
673
1012
975
981
1001
996
1008
1066
977
1055
1005
935
955
1204
867
890
1003
1060
1023
1027
928
1001
980
965
917
1225
935
1009
1008
1012
1004
977
991
1007
1046
994
883
1125
947
1022
961
1039
1093
911
877
989
992
1100
885
1168
947
966
1003
1109
837
961
1006
1148
942
974
1001
1041
946
1052
986
1032
958
1026
915
1131
925
1006
959
1078
933
1016
961
1066
968
1026
945
1059
1014
952
955
1295
717
1081
905
1162
932
1007
892
1090
950
1009
1206
770
1100
893
934
1246
843
962
981
1115
914
1471
516
1114
904
1034
869
1185
926
1008
892
1163
983
979
934
1101
1006
1226
1661
1005
1095
934
1007
1089
1012
908
1033
967
1006
1006
1036
1015
1594
301
1066
1007
1006
971
1112
886
1006
1074
1115
750
967
1006
1048
1004
1043
880
1084
960
1038
918
1023
1114
3671
300
947
1020
1109
927
944
1015
1027
1024
1004
901
1122
950
932
1002
1007
1053
1034
985
985
973
1112
884
1082
1026
927
977
923
1040
981
967
1212
863
1550
453
1073
909
1001
920
1147
1033
979
970
1076
939
970
998
1023
1072
913
931
1093
1094
939
1033
991
952
964
1646
402
1050
934
829
1308
845
935
1034
1022
1014
866
1020
1137
948
1109
914
989
1092
849
1042
1028
1030
920
983
1102
1005
928
1054
978
953
1017
1066
1252
756
891
1005
1018
887
1114
955
1086
993
999
967
1043
1007
1008
943
1068
984
956
1003
1173
914
1001
896
1058
936
996
993
1159
838
1021
970
1085
915
1006
1067
950
986
981
983
1033
1040
1070
988
993
911
944
967
1227
956
928
961
1113
923
971
965
1078
961
1031
964
988
1044
2580
886
477
1039
834
1276
866
950
926
1130
952
1144
891
1045
957
1008
911
1104
985
1126
908
1079
951
1002
944
1030
992
995
974
978
1119
945
961
1163
902
914
936
1087
986
984
996
1052
965
1039
811
1178
955
1005
1006
1077
991
917
939
1138
925
1117
901
937
1034
1062
876
1107
991
998
946
1045
998
961
974
1030
1042
1016
971
1029
970
1007
974
1064
930
980
972
1117
909
999
974
1085
994
1172
729
978
1054
945
1070
954
1026
1011
944
1088
929
1128
883
1110
993
999
958
982
1009
997
1053
1047
1031
875
1086
951
938
902
1010
1135
1020
1317
608
1079
900
940
1006
1038
1070
1071
974
1165
901
942
970
1057
978
955
928
1058
990
1069
937
950
1034
1008
1089
964
928
1055
928
1157
834
1049
948
1087
1001
995
1037
938
1001
1074
849
1122
863
1038
1074
988
965
984
1008
1201
915
913
902
1234
856
978
958
1115
950
1036
955
1100
939
970
1017
1004
2314
605
1030
1037
1002
993
1023
978
1027
951
1077
1023
946
985
1033
967
975
979
1818
1216
898
1125
970
934
1041
993
1012
1059
911
1162
901
984
955
1062
987
890
1002
1226
883
990
984
1103
886
1015
965
1050
996
978
969
1035
1291
625
946
1330
803
1008
869
1079
1109
857
930
1093
1071
986
954
1147
915
898
1059
1005
1022
971
961
1104
1114
867
939
1066
1002
1042
926
1133
902
932
993
1178
896
926
985
1135
878
1076
920
1072
925
1027
975
1094
895
1037
1037
1031
1074
1413
414
1180
849
980
947
1067
1010
969
947
1211
828
910
931
2491
878
845
954
964
1084
970
1023
998
1000
959
1035
930
1028
917
1139
966
1262
594
1115
1170
874
990
1031
973
988
995
1113
1157
626
1064
1057
999
1038
932
1072
951
1025
922
1087
926
1094
873
1114
1039
957
988
978
1031
1016
937
1146
890
901
1015
1097
933
986
1016
1145
882
973
998
1218
815
965
978
1109
900
1097
933
1802
1337
869
986
922
1153
884
1019
995
1067
951
1035
972
1010
972
1144
914
954
981
1066
950
1046
949
1146
869
1049
947
1034
1022
957
990
1089
913
996
953
1093
944
976
1003
1059
958
1054
1510
524
820
1037
1056
963
987
1104
916
1101
948
970
967
1111
924
1006
983
1132
890
949
1021
1016
989
1037
933
1108
941
967
997
1133
1040
908
1945
991
2671
260
1024
984
910
1153
1032
981
979
1142
868
1017
927
1113
1005
906
1009
1050
995
962
979
984
1032
1092
886
1114
960
980
932
1057
985
1034
875
1163
890
1046
951
1029
911
1660
396
981
1020
978
5434
823
636
1112
2365
611
952
962
1123
920
1066
957
1029
937
1102
888
1100
906
1012
1091
937
993
1018
957
1078
1020
968
1005
1035
943
1065
984
994
1763
264
942
1017
1076
911
964
1084
966
978
1031
992
973
1023
929
1085
929
1016
948
1179
979
934
968
1123
943
961
980
1066
891
953
1080
1222
948
919
873
1098
947
984
998
1120
964
951
922
1096
976
975
987
1062
954
1034
966
1105
944
983
1113
831
1117
895
1000
1073
963
1040
937
1059
961
997
958
1076
970
1011
920
1128
932
991
995
1046
1085
869
903
1055
978
1054
991
1181
887
951
992
1021
1041
963
1025
1098
922
986
923
1151
923
989
992
1012
999
977
937
998
1026
1036
926
1781
441
753
967
1125
917
1093
946
1086
970
972
991
1088
876
1024
1026
1024
1000
1013
940
1104
995
952
940
1064
1024
1018
961
1051
967
1000
3842
1118
995
950
1013
954
1116
919
976
921
1049
1093
1026
980
961
1000
1055
955
1093
922
1194
861
1074
902
996
955
1010
990
1013
992
1078
994
927
973
1709
238
949
1063
1022
1138
900
911
1173
879
1066
1028
982
1031
1030
906
963
1150
1408
536
975
937
1135
917
946
937
1069
1045
1077
906
1000
996
1070
965
1032
901
1115
841
969
995
1225
833
1004
939
1206
880
966
983
1143
893
1003
972
1010
1036
983
973
1182
905
952
1006
972
980
1131
849
1087
970
1014
960
1068
912
1019
994
1121
859
1014
974
1200
876
990
937
1039
1009
1096
1179
700
929
991
987
1137
909
966
974
1125
922
1062
998
1030
1028
1056
864
1054
989
977
1040
1044
982
941
1040
1004
968
955
1000
1023
992
1009
937
1156
925
1039
917
1115
988
857
1034
984
1066
1071
906
1077
937
1035
917
1064
956
1060
945
1030
995
4326
777
885
1013
962
1096
900
1435
571
1011
954
995
977
982
1021
1064
999
1005
981
1101
1022
924
973
1123
954
977
992
1019
1848
1101
991
996
995
989
1030
948
1054
981
1038
932
1065
939
1172
879
938
1007
1083
989
956
950
1062
998
1006
923
1076
1029
949
1007
1013
1686
274
978
1144
838
984
1031
1063
939
960
993
1044
1080
917
987
1137
926
1000
955
1026
1010
1000
950
1065
968
1101
908
1018
1070
936
929
1066
1327
596
936
1077
989
1001
986
1249
880
936
929
1764
244
1070
925
1095
903
938
1137
899
1096
1061
874
1024
962
996
1188
956
920
1049
955
1077
1134
806
1025
1041
887
1015
1007
1151
985
995
951
1357
732
979
951
942
1016
946
987
1012
1006
978
980
1893
1211
945
1123
927
985
943
1193
807
995
1023
1108
940
968
1060
1031
865
1083
917
1148
1120
758
934
1185
944
943
972
1118
928
994
894
1117
1081
950
907
1066
944
1090
973
1065
910
988
953
1109
956
1058
903
1105
3241
715
1146
739
992
1100
958
996
1093
952
1027
958
998
1036
1042
934
957
1166
901
1001
913
1113
929
991
987
1070
1002
901
1011
1047
972
1098
931
984
1050
1072
879
974
996
1024
978
1092
971
1040
922
1584
552
1014
895
1109
981
894
921
1107
946
982
1052
1066
1063
929
916
981
1052
977
1012
995
974
1096
814
1254
808
953
1022
1067
984
1071
833
1168
906
955
999
1205
903
1046
881
1073
911
1038
967
1132
890
983
967
1140
1051
946
910
1090
1065
774
986
1176
855
1066
923
1040
992
997
1002
1144
877
1038
891
1230
918
933
1035
1068
914
997
1062
973
928
962
1030
1118
941
1002
948
1069
1112
866
915
1103
820
967
1005
1169
1016
1014
936
1055
973
932
983
1092
875
1059
971
1114
968
1039
953
1098
940
995
923
1036
1063
994
913
1093
950
986
1108
955
936
987
984
1078
933
969
1078
1096
811
1013
996
1162
851
1026
968
1089
1002
1006
983
1074
844
1048
995
1055
1076
950
885
1042
1052
1451
555
2697
650
474
1046
970
1006
976
1118
985
987
968
1139
822
1030
900
1114
1064
1035
852
1107
944
922
1031
1137
884
1082
934
1225
783
1128
916
984
1035
927
1008
1051
958
1031
919
1039
1022
1014
939
1059
975
1059
897
1099
1006
930
1036
1045
945
1049
911
1042
987
985
959
1199
2047
849
1692
1218
983
1019
978
1049
983
982
1378
652
935
1038
1018
1064
911
1208
739
1096
980
1113
919
959
964
1094
950
1155
807
1139
995
972
1308
695
866
1050
980
1064
950
1003
1023
1086
913
986
963
1159
902
1047
899
1136
927
1028
931
1783
1203
971
1054
951
1040
974
1001
1012
1021
951
1128
978
924
987
1124
951
963
1029
995
1057
976
925
1012
990
1019
996
1035
1033
987
1039
1046
845
994
993
1054
953
1000
1002
1096
1000
891
967
1152
940
1009
996
1036
990
939
948
1125
966
1004
1070
868
1014
1044
931
994
1050
914
1011
1060
1477
486
874
1157
1030
1069
918
930
904
1015
1053
1037
897
1064
1027
1058
963
962
963
1185
852
1712
320
1035
857
1088
1056
1007
862
1167
918
1022
988
1006
933
1121
927
1032
950
1126
1000
912
928
1041
989
1030
951
1052
990
1049
926
1076
903
1026
992
1056
961
1088
930
1117
902
989
959
1055
1802
1293
979
911
955
1030
1017
995
1039
960
1072
950
1014
953
1051
939
1006
975
1059
950
1016
1096
1003
914
981
1004
1107
893
987
956
1102
946
1016
964
1179
858
1019
970
1023
1001
1030
949
1098
947
1048
941
943
1002
1009
1037
1016
1009
974
943
1028
957
1034
925
1143
952
1013
946
1070
950
1086
964
1002
898
1033
1008
1104
933
941
941
1697
365
1081
840
1077
1078
843
917
1149
974
997
993
1133
828
1044
936
4591
434
1114
954
903
1050
1000
989
1023
1000
1037
948
1004
2055
1008
944
1061
1040
986
912
1078
1047
1001
919
1035
950
997
915
1167
970
918
1013
1015
962
1469
505
1069
958
1010
987
1034
1029
981
914
1123
932
1032
932
1076
1064
947
902
1156
923
954
1060
1004
962
1062
891
1104
942
980
944
1202
946
1512
348
1020
1044
962
1008
993
965
1081
1004
1065
972
1002
941
1188
936
958
901
1043
1042
930
996
1091
910
1012
1044
1106
906
963
1032
1006
942
1018
1397
641
893
1019
962
1046
1062
964
1011
1026
970
1076
926
1042
975
1034
899
1112
986
1022
968
1153
773
1033
1004
1075
873
1103
871
1081
949
1055
915
1122
999
925
1053
935
1069
1011
899
1033
1022
1158
784
1063
1037
952
1003
1030
948
1005
1019
1028
958
1060
913
948
1094
933
1059
1046
984
981
1095
1017
970
924
845
1138
969
1050
921
3714
263
1147
901
990
898
1071
997
1061
967
2110
904
953
1061
908
903
1191
1020
1302
631
986
1000
1008
939
942
1117
1064
1026
911
983
1002
1039
1059
924
1002
961
991
1172
809
922
1072
1218
847
956
944
1204
902
1009
942
1105
998
940
1267
897
848
953
974
1006
1042
1005
928
1074
924
1808
1210
1058
1012
902
1113
929
997
976
1072
918
994
1029
3385
721
1006
887
1151
948
957
1064
952
918
1106
962
1080
950
996
1083
996
799
1045
1004
1046
1002
1013
979
1047
932
1176
1275
575
924
1027
1006
992
955
1105
932
1683
331
1007
952
1030
997
1025
979
1041
944
921
1053
1021
1018
1106
896
1002
945
1131
925
952
1071
1101
1002
803
964
1095
934
1012
958
1175
989
909
996
979
929
1141
869
1191
957
993
911
1131
972
932
982
1028
1134
988
977
1000
988
1045
894
1065
905
1074
943
1095
915
1131
824
1080
1034
879
1012
1854
1177
1051
1114
798
1040
1014
1135
817
1067
936
1059
1045
1011
985
1007
899
1052
929
1056
939
1024
958
1167
915
1042
908
1055
1018
1020
865
1111
990
941
1037
1093
855
998
1042
1035
915
1030
991
1106
916
986
969
1050
1038
873
1067
1044
976
1079
913
1087
951
919
1082
927
1033
971
1034
1096
844
1035
938
1089
1023
1025
910
963
1113
928
1666
478
1014
969
897
1002
1025
936
985
1133
964
956
938
980
1049
996
948
1138
866
1071
999
996
1636
377
969
976
1025
1038
908
1076
995
1019
962
1035
979
1067
887
1151
891
872
1078
1096
1022
955
943
1053
1039
952
1015
1051
906
1021
911
1135
1015
1033
854
1049
1030
915
1002
1054
954
1010
1130
954
1067
877
1012
1005
985
1091
958
863
991
1081
1166
868
1084
930
995
1059
961
977
952
1003
979
1420
612
987
879
1048
1007
1075
1027
914
1011
1097
1027
926
1061
1079
918
947
851
1214
870
1015
1594
465
947
897
1048
1060
993
1048
967
1120
909
1013
961
1179
829
1048
1045
967
993
1076
972
1044
842
1016
980
1107
1015
942
1033
959
1090
956
1580
503
1023
874
978
879
1028
1036
966
1097
938
1008
959
1059
1050
971
1015
931
1036
985
1000
1109
952
938
1028
1199
734
1020
983
1144
921
1021
846
1179
876
860
978
1103
970
1058
996
1006
883
1086
911
1053
1038
1035
897
1175
927
1020
888
1059
933
1171
800
1105
1015
1036
990
1073
853
1022
1002
1302
710
971
893
1126
941
1100
927
1014
961
1646
235
2299
2657
321
841
913
1013
1019
1008
1030
1034
1023
948
994
990
1050
1050
935
1025
1014
1005
1032
893
1112
937
995
974
1036
941
1682
299
1049
927
966
1081
1049
948
963
945
1156
1003
916
1004
1081
921
1000
995
1041
956
1022
987
1060
929
1039
1079
1023
1011
943
954
1062
966
1046
1028
1059
950
999
849
1133
916
1156
941
931
1033
977
946
1077
947
1043
1001
1050
903
1014
985
1407
858
847
869
1085
1008
826
1008
1159
997
960
1135
891
946
985
1109
962
1195
860
837
1083
988
1030
1020
989
1007
1079
904
961
1015
1138
907
1074
888
969
1070
931
1014
999
973
1090
954
1063
918
1071
938
982
1075
965
1037
959
883
1126
945
1082
911
1019
1012
909
1024
1094
997
908
1030
1155
761
1093
985
1126
1007
882
893
1183
4777
2106
2907
1132
1007
1034
823
1001
1085
988
959
948
1125
951
1013
1046
1010
968
974
1020
1066
990
958
1002
1005
950
1044
920
1134
949
966
1015
1037
954
943
1024
1152
1025
1156
822
1072
831
1030
959
1139
1001
992
894
1027
1013
1010
1037
953
974
976
946
1120
995
1088
847
1412
579
954
978
1171
943
1161
810
1018
942
988
950
1108
1029
1064
945
944
933
1047
979
1124
900
1148
771
1191
901
944
1029
1200
904
982
897
1020
1018
967
984
1229
936
857
976
1141
875
1023
1463
631
993
937
864
1298
867
1033
899
1006
1556
523
925
1221
811
1144
906
979
941
985
927
1138
981
1097
938
1037
900
1133
920
1193
699
1058
1184
866
1062
993
1038
1017
891
1027
949
846
1164
1560
432
1037
952
1086
1003
1008
1000
1002
937
924
994
1093
997
1015
957
956
995
1013
1002
1106
877
1140
943
1082
878
1023
991
1045
971
1045
926
984
962
1076
1052
1028
928
956
1117
965
922
1066
936
1057
953
1120
953
961
955
1031
970
1121
1952
913
998
986
1047
961
1000
955
1070
1148
939
975
1139
783
931
1036
1102
935
1002
1155
979
917
923
958
1092
946
1023
984
1153
982
902
929
1102
1014
900
1017
1223
978
956
798
1239
878
1014
870
1108
969
1018
836
927
1174
978
1050
1033
1003
974
936
916
1027
1031
1023
1155
923
999
956
2606
549
724
1205
977
978
944
992
1074
908
959
1103
888
1137
1086
1044
860
998
946
1104
948
923
1037
1104
1036
894
902
1105
1038
916
946
996
1051
1052
914
1148
953
912
1031
1013
966
1047
1485
651
835
1056
1006
920
988
958
1013
1124
973
1001
977
1017
1032
907
1006
1035
990
1037
894
1114
916
1064
952
1088
938
1055
929
1057
1032
1061
881
941
1044
964
963
1098
898
1023
907
1220
808
1317
616
1134
989
971
1040
1143
878
990
1011
975
1310
714
957
1057
1005
983
931
1145
945
967
939
1056
1029
997
954
1129
892
1098
914
1052
932
1000
1855
1118
1019
1026
1172
734
1112
964
992
1057
997
898
1092
942
979
1039
1134
937
1010
881
1053
975
1035
1025
1078
861
976
982
1049
1036
930
989
1071
1006
928
976
1120
911
1021
1022
1014
1411
666
895
1041
1062
872
1019
1072
826
1121
1062
947
1057
949
939
1047
961
1039
954
1063
1037
916
935
1171
964
904
988
1176
805
2060
1000
1699
303
