0
297
10044
1778
985
998
1117
1268
865
1074
1146
750
1866
3
1591
349
1400
943
943
4636
71
1086
2903
1038
926
1722
349
6860
2137
3923
3205
6141
5261
716
859
922
3021
320
767
3977
2226
2045
3184
3627
1844
1451
1456
2
982
1265
1112
928
1997
978
2107
654
1014
987
1077
1101
801
1229
2142
1062
530
1623
512
2543
1661
774
920
1343
1989
2205
903
683
1106
952
3943
2597
234
5530
2571
1644
1142
199
855
1769
373
1616
799
1336
193
2099
1096
5170
1540
197
1161
1401
2361
2136
1845
2879
2900
1336
7
1429
14887
2092
1803
2216
705
2035
1985
657
9324
2008
1976
1355
1243
1845
733
2111
937
2449
1246
1047
1175
769
9749
528
911
810
3143
1808
1221
7700
5542
4794
3899
3
2574
1119
2489
2802
826
906
931
2131
969
1028
982
1861
2112
45
1938
1008
2625
450
1836
1646
1033
364
1116
990
1475
937
1120
926
969
997
972
788
1394
425
2251
964
1121
843
1051
1163
2051
682
1092
1082
1092
912
978
846
1207
1043
996
1092
1211
327
1776
1338
1786
47
1113
1784
49
1320
988
811
1224
903
864
1192
909
1197
1177
994
813
1135
541
1531
670
1118
919
1254
1464
2099
1936
52
2018
1802
52
1183
1301
678
1251
625
1538
437
1329
898
1088
1912
1279
1503
60
1493
1002
693
1251
915
1156
549
1307
1123
955
750
1151
1076
1991
888
2072
1761
1844
1179
1894
1106
1870
1859
2363
1669
6
1981
1952
5
2258
1840
5
2055
75
1943
5
1819
2232
6
2044
1796
6
2056
76
1549
569
809
1498
1527
5
1981
1865
1709
462
1985
6
4602
486
2027
1878
1912
1355
1068
735
1368
661
1856
1953
6
2208
2015
978
1813
74
1516
613
1938
1218
1032
814
1461
408
1547
572
1445
490
1967
1615
486
979
1494
597
1643
2008
1691
848
930
1302
560
1844
1509
599
1144
942
1100
1733
1319
1085
972
768
1245
741
1306
713
909
1864
2258
840
946
2322
1525
1569
498
1048
2264
1239
449
2227
91
1758
90
1401
747
1383
497
997
1177
1751
96
1326
734
791
1253
2123
873
1817
8
1611
578
1385
536
1952
1888
8
1156
1403
600
1266
774
1104
1807
10
1753
1886
2173
1980
2615
712
11769
2905
942
1134
888
1017
1017
945
2015
951
962
1032
950
1921
1674
985
974
933
1106
410
2012
4
3008
48
1234
1004
1189
1124
417
1404
1111
604
1330
654
1171
1845
2087
801
1081
2029
900
1109
1292
844
1378
281
2058
47
1565
423
1404
619
1379
1593
1962
47
1986
1461
1185
262
1681
474
1415
556
1486
1906
528
1461
746
1117
1326
407
1554
993
427
1982
69
1771
2061
1424
842
1466
357
1782
301
2841
58
2167
1812
57
2153
1792
1154
1013
1917
2132
1856
78
2094
1453
342
1610
431
1175
1256
464
1479
712
1209
931
1160
711
1131
1266
1390
2226
7
1727
1810
302
1545
990
793
1024
842
1788
58
2049
1929
57
2016
1909
57
2055
1816
58
2018
1942
63
1121
1570
382
1628
385
1639
392
1865
5
1429
1192
378
2164
1749
2234
2378
649
962
1564
390
1903
2060
77
2023
2034
1959
1470
374
1595
489
1431
943
523
1448
876
1211
805
1847
1883
1998
978
2049
1934
2237
881
1762
1994
2131
5
2004
135
984
1326
719
1298
1357
1833
407
1395
636
1768
1307
1482
462
1352
1225
399
2086
1632
1662
1494
2074
1857
1119
1162
1849
2108
1086
1653
2107
2105
6
2055
89
773
2204
1692
2016
1387
956
1260
550
1979
73
1864
1921
74
2241
1338
467
1911
1933
2076
1096
1255
931
1349
390
1604
305
2160
1496
368
1948
1782
388
2543
480
1366
807
1349
419
1107
1248
1336
491
1335
568
1480
471
1311
2123
697
1937
932
1226
2037
1831
2090
908
1966
1925
2009
2320
783
2025
1681
2116
1999
82
2175
1765
96
1079
1422
386
1382
674
3423
1268
810
3730
940
842
979
1425
907
1868
1382
354
1035
1084
1208
2100
3254
1169
1360
2158
563
1346
836
807
1126
5374
878
642
1325
1009
646
2014
1062
1563
435
2500
507
1030
1248
643
1983
43
1041
941
3400
2517
2114
54
3680
1400
2935
2897
3307
790
960
2265
735
3333
3273
1315
1222
1741
1945
3587
495
1055
1159
1191
672
3228
872
1074
868
915
1862
1692
3218
254
965
1110
1008
1087
1811
1046
1035
1805
2286
2062
1204
1669
2022
3986
1703
1139
3519
888
823
2082
2160
1968
742
1213
893
639
1172
4135
2994
849
3795
2145
2071
9452
528
2361
3836
2966
1642
481
2726
6915
1810
472
921
1437
985
2794
1185
522
2296
871
7398
1002
635
2033
1369
769
759
1131
1040
602
2264
2303
634
1885
1330
1223
388
1240
5897
860
951
2506
501
967
5541
3728
13612
7
3698
617
2628
102262
985
1452
101
2076
815
1063
1544
1347
1741
6
2331
1331
1652
1072
1245
697
745
1024
906
906
1313
1040
1084
1037
464
1211
1004
929
1051
893
1015
995
1174
1055
678
1201
1958
3845
1259
695
1050
3089
3000
786
2032
5314
2408
1794
2909
3020
1890
2657
2064
1980
3922
3048
3947
4041
43
40109
3540
502
3296
619
1337
2511
3055
2208
2792
3597
560
1060
1708
1150
3347
1641
92
1332
2888
1817
2481
1879
743
2005
2588
3728
692
1055
2616
2555
2496
9571
1446
102
2134
2272
1023
1582
1215
3019
2521
1921
952
870
2069
1894
792
1501
4041
2589
1499
4238
1924
3135
3315
17528
2425
1457
2427
730
1025
10
1203
3133
19659
19584
2006
1031
1192
1281
1888
1319
7623
13
2631
1949
1888
1191
1904
1341
1791
1645
3083
653
1675
1720
411
1428
737
1528
5925
1205
52
1253
963
7255
2313
3160
2578
2235
2319
8893
1911
2331
2072
2990
923
2007
3182
2680
1886
1027
1692
2268
3812
328
3982
2828
2
1720
6280
2175
3642
383
2609
342
1618
1943
532
3375
1998
2141
625
126005
1590
2968
2088
2008
2441
2334
3213
2239
1728
1514
4054
2607
1446
622
2352
5997
4432
892
1755
1610
1440
2417
1706
1246
1193
1326
1284
3931
846
1777
1436
493
3075
799
1035
1820
3602
2995
2117
428
4252
1520
1095
1485
426
1176
1413
3799
1141
626
849
1123
941
1692
377
1088
784
2061
2321
616
1733
576
952
801
1112
2120
1746
1614
421
1497
1984
394
1707
2127
436
1403
701
717
1686
2070
356
2002
1626
408
3381
1805
2040
699
4144
2184
1765
1934
1999
3597
395
2143
2531
4131
3255
3897
1720
525
2236
512
3064
3264
1971
2638
2204
3328
2920
3602
3896
1391
3313
1959
507
1201
3615
1206
986
1398
1351
2829
666
946
3823
89
11878
3223
1680
2002
3677
706
129477
1502
1971
172
809
2167
634
1857
6
1088
1382
3608
2013
5635
386
2156
2298
622
2851
84
1346
628
1579
2604
2048
1389
1510
1059
3049
798
2067
965
852
1901
1983
1076
2799
4417
2941
48928
2934
1923
52
1448
1055
1003
1922
1179
2771
1110
2843
1079
2806
1128
2799
1108
3097
1193
1838
902
1197
2070
1580
2262
1009
587
2327
979
830
1230
2898
887
3160
1895
1885
1887
1923
3625
1992
2038
543
2332
755
835
2231
2781
1859
2085
1868
2100
1002
2573
811
2983
2955
1070
2744
1551
560
2976
3172
2055
2087
776
2133
640
1371
2076
995
1938
1221
2074
1020
2516
1081
1058
873
795
1727
2918
2636
2704
58
2295
5074
3755
1012
972
2119
2980
758
849
1693
8431
18867
16974
12922
1022
809
1936
1999
1015
1159
966
1089
1005
22094
382
2341
1481
2352
2163
1183
1004
964
5177
3501
1086
1163
646
4663
1086
1552
3582
2592
559
1147
3824
2425
1479
2834
1052
4012
8033
5748
1597
1748
108
1722
1977
1598
373
1305
1804
93
1380
830
796
2184
761
2026
2020
1815
1980
1080
1742
2086
1255
733
2146
95
1524
626
1153
733
1277
1341
1869
745
667
2006
1284
746
1162
709
1117
757
2154
62
1728
1122
1138
1166
1012
846
1120
1383
860
1360
1608
460
1034
1211
700
1089
1155
1166
824
798
1074
1043
1052
1135
755
1465
710
1130
812
831
1164
1194
787
1263
611
1088
835
988
1064
1024
1065
1020
1104
759
1004
1271
1671
1445
897
1036
993
850
1206
568
1150
960
1128
985
1015
1159
771
1057
1051
886
2486
475
1013
1014
1208
767
1249
940
760
1178
922
1169
851
1086
1422
464
927
950
1271
1106
1124
663
979
1033
1336
2087
364
3563
1859
586
1177
3752
43
1468
1712
2031
896
2666
656
2571
3266
1193
1114
637
6107
5921
1841
3584
597
3496
701
1204
571
1013
1553
531
2483
445
1450
2919
1932
865
728
10860
1221
3021
4335
1049
2886
1287
398
1309
904
1950
3127
662
2424
747
3995
3037
786
4631
5060
616
705
1897
7058
2967
2215
3043
2622
2447
8026
2845
4045
3432
730
2636
8
5987
1956
2047
2028
1176
3425
707
11211
814
722
3115
5554
767
1013
743
4368
948
1935
1853
3894
3104
769
1791
11050
1217
2102
1119
2572
2604
656
3375
693
6097
818
1127
1075
592
1173
804
1225
3007
2265
1238
2268
1189
904
1734
2113
10484
890
1266
595
880
1455
1983
4574
101
9851
4144
3896
4152
17489
1658
8
1579
2134
9
2126
5480
972
1198
3570
270327
3552
336
579
2075
135
684
720
1490
2601
1944
1247
874
1026
1625
338
3669
1406
1994
1288
477
1687
13126
527
1793
3390
2110
638
2594
1679
1921
3350
486
3125
2211
536
2184
1526
1556
7641
2696
351
1830
1969
2718
774
1815
2311
2948
1886
2762
2593
444
3455
741
3368
439
10133
2353
607
3212
656
5485
939
629
3940
3997
3905
1771
2937
601
3576
3789
3582
3845
2008
82
4919
2131
3212
842
2394
507
10615
2387
1503
615
1576
3819
1386
5
1197
641
1602
1773
991
1070
1845
1971
1921
1265
741
3097
938
859
1472
403
1539
3110
2023
2095
3461
3183
805
4123
1189
1170
350
1711
6293
5964
4057
1312
570
2680
1182
4538
4166
2982
2256
372
76736
1843
50062
1370
801
26843
2309
1413
1792
1765
2108
2181
154
1351
25122
1785
880
19995
20628
1787
1983
1960
1703
7987
8259
7021
6659
714
850
3266
675
2351
1072
1288
844
1145
1183
8
2811
856
501
2762
913
1637
611
1140
864
1206
1214
3839
2779
1713
2946
2005
453
1627
483
1584
4
5198
10326
736
130630
2977
1938
992
13
88203
17
3391
3671
14
5839
1981
3057
168
2704
2181
5
2033
106
3310
1034
1236
590
1071
803
1942
1879
2082
1881
3458
4407
55753
1636
1922
1963
2121
1828
1300
22952
2033
1647
1808
14401
1260
10895
3309
241
1055
2043
1096
2311
1558
865
2928
1976
12
1536
1766
2535
1230
555
1111
1015
1104
964
1891
828
1268
839
2100
3016
1838
1115
9017
1619
7
2845
1099
1029
1382
2029
2185
591
1439
623
2885
2045
2842
61936
2314
1904
1614
43400
35761
34493
1092
1241
29312
2198
21500
1385
2691
1240
2713
1706
243
823
3863
14
3017
327
3461
1832
1614
3779
1686
1495
5331
109
2431
1353
3062
3731
1323
1843
1571
2752
3751
3604
504
2843
1155
3179
3348
2895
488
3154
3723
41068
73
3012
567
651
1408
540
1906
1305
1223
3971
2860
780
3130
990
2182
790
690
1520
3269
4141
3003
2173
71363
1470
2120
916
291
980
1169
845
1050
858
1121
1989
777
1587
579
1831
1291
1156
575
1329
740
2093
121
1134
901
848
1470
508
1076
2003
640
1521
839
3335
1063
1596
8
1734
2353
1338
1683
161
985
1755
154
1144
928
1088
687
2254
882
758
920
2402
752
2052
950
2080
705
1931
2053
6
1493
566
1577
513
1957
1098
1317
670
1313
480
1345
719
1321
493
1989
1843
1174
2203
1858
2123
1155
992
795
1327
987
1940
632
1218
1742
1701
246
1048
1375
661
1225
2020
1185
554
1588
465
1393
2492
1649
595
1750
2097
1907
2872
5
2572
631
1969
1144
1330
758
2055
1283
453
1928
73
1879
5
2081
64
1501
670
1168
1269
301
2165
1727
61
1296
1386
471
1263
1319
495
1269
734
2408
624
1823
1003
1719
411
1767
1790
404
2032
1850
76
1556
619
1074
1198
712
2734
2016
2123
2012
1553
318
1986
1348
1312
286
1654
386
1384
1059
613
1290
1083
535
2340
815
1149
865
2053
2191
1854
1746
2200
2046
966
1799
2189
1398
726
1723
1651
483
1167
928
2352
719
1793
79
2148
1077
1415
2471
1706
2336
1491
2301
1719
1476
962
1344
445
2285
2065
906
994
1388
523
1728
1843
2574
1473
1493
1942
2019
1627
2265
1854
96
1913
1122
1933
8
1407
981
1047
666
1389
5495
90
1196
1184
423
2538
593
1316
965
897
1146
739
1157
1603
5935
2287
813
1404
989
789
1063
2975
1927
1047
1141
2538
1364
644
1442
764
1230
725
1227
2679
1957
1114
2219
2054
1126
702
2223
816
728
963
1005
985
1094
1039
1390
4080
2714
2069
789
2012
2572
2060
549
1980
2287
515
1231
669
2028
2560
1785
2275
441
2699
348
3137
2314
525
1360
682
3426
2091
512
1045
940
3440
2025
581
1799
2709
1946
298
2674
999
617
2366
984
502
1019
1599
492
2194
2040
726
812
982
1991
2126
2091
2942
3072
889
2604
3029
2181
4201
937
2909
2479
1612
2573
958
597
3491
468
94428
1894
2904
13
1169
1785
3210
1136
3302
1051
1601
3765
2792
1315
839
1834
3076
6892
1335
808
1930
1137
858
1193
2977
12
1085
824
3045
1943
908
1296
2036
1897
1210
21293
18035
50
1671
902
7913
7860
7877
6871
787
5809
1301
188
1436
21073
653
2799
1868
2147
786
11550
10027
852
6842
1318
3576
4026
2756
144
1942
1394
1068
492
1257
1991
1020
1057
778
1971
1096
839
1947
1189
3177
24728
1919
1826
17756
2070
3115
891
9929
496
908
6005
2808
1655
771
977
1242
839
5115
1313
1090
230
2648
1026
3963
2880
2070
408
3139
4507
4842
1560
1063
9494
522
4249
4876
940
1089
885
24345
19574
18498
1825
5
1983
750
1132
862
3168
1994
786
2052
2541
14669
1201
1215
934
857
1989
1380
1557
1760
1977
800
6
1302
2092
2862
1612
412
740
1972
2995
1415
1360
443
10640
8717
7913
7055
1768
2400
1449
1629
2356
210
1311
1113
1713
506
2343
1178
4614
12043
1604
554
63474
22
47334
808
8
1359
2539
8
2186
1407
2172
820
2648
1585
425
1530
1068
2876
27689
19820
10
17192
2007
1991
2117
1910
1798
1154
2094
690
851
1501
900
816
1171
1441
2449
9
1158
1073
711
1050
1316
2745
2285
1266
470
996
3100
747
799
1404
734
1285
1961
683
1101
1126
1701
1315
3850
2851
1505
3572
2191
716
1654
1467
2012
4359
2776
1172
3734
1864
1295
906
2897
2110
1502
1574
2369
1949
490
5825
11980
11366
1252
8033
6828
1897
1716
1003
1352
584
2809
1868
825
692
2102
74
632
1941
1566
3333
1809
589
5431
4450
102
3324
29180
1578
21409
2937
18
14487
3648
2471
9674
2002
4648
135
913
1192
1122
1873
1180
2424
3055
1047
1607
6
1321
1725
96
1312
1159
541
1807
6
1951
1527
487
1823
2073
6
2046
84
1310
1138
558
946
1506
591
1747
1476
776
1822
67
1618
371
1488
617
1542
341
1154
1148
852
1036
1080
850
1198
682
2235
863
1126
1113
1809
1383
1475
75
1814
5
2101
70
1493
413
1005
1688
481
1248
1480
1634
1042
650
1441
316
2005
1346
1273
305
2362
1618
3119
61
1283
734
1365
889
1021
678
1164
1022
937
1065
925
1005
926
1897
62
1257
708
1174
1483
368
2046
68
1825
76
1984
1911
96
1801
1800
356
2078
1875
2064
96
1506
430
1265
776
1268
601
1267
1077
2020
749
1881
62
1785
2072
2055
5
2236
1858
5
1046
2038
2043
1906
2003
1047
1019
1011
1981
1887
1912
1171
1116
1076
1047
1013
1056
799
1269
1001
1036
472
1376
1720
2192
1768
2140
933
1993
1507
406
1812
2193
72
1047
2124
1803
2267
1773
1757
83
2070
7
2081
1714
2213
70
949
1580
495
885
1173
2028
1861
1791
3137
6
1995
1454
682
1020
1001
1447
427
2378
1338
2282
1842
6
3069
70
1264
883
4361
398
1045
1464
839
1141
968
929
995
676
1245
932
1234
1056
712
913
1623
281
2969
1642
597
1147
564
3373
2513
2610
1001
3258
2039
391
1630
3638
2285
302
1267
3910
1297
4042
2975
1971
2502
3074
1664
3006
709
1997
676
2979
2663
2496
3831
4148
3686
2069
2105
3510
534
1016
3054
782
5010
16979
1366
3226
916
978
710
1182
973
4061
1866
2629
8713
586
1892
7998
44343
770
2895
2077
2005
1108
1210
2707
1224
2422
926
606
1302
749
749
1692
3093
2080
1828
1911
2541
2790
1024
985
2014
2673
2679
3123
52614
1552
2607
1627
1916
2589
1283
947
791
1349
9144
1488
1672
4308
187
73931
2813
4920
19
2514
951
868
914
1402
2420
1278
724
1953
2104
567
1494
979
951
1019
1075
762
2243
695
720
2206
995
913
1376
1670
1970
2048
948
1943
6
2106
1793
6
1899
2065
2065
1930
2265
1647
1276
1065
942
2227
1858
2040
1567
2100
2106
85
1802
2088
78
1927
1407
1503
6
1086
1365
1183
428
2064
69
1297
1414
2210
1921
2096
1903
1971
1218
2273
770
2830
78
1885
1957
1981
1998
1985
1744
542
1430
540
1702
1781
464
1812
1806
2465
1754
1460
1867
1852
1157
1752
1261
1567
2441
1664
89
2001
2552
440
1208
1652
2308
1899
115
1882
1130
906
2078
1136
906
749
1221
1898
1974
959
1825
2583
667
2268
683
2137
2218
655
1377
788
1911
1993
1889
113
2302
700
1523
2671
631
1654
661
1335
777
1538
2033
84
1456
812
1079
1373
1251
1071
920
2136
1905
1944
868
1303
629
1002
1353
1947
915
2065
1886
866
1824
1307
1734
2014
2132
69
1855
1598
565
1323
868
1245
647
1340
655
1890
87
1501
508
1557
400
1491
545
1767
1453
696
1521
666
953
1741
1696
266
2270
1240
539
1226
1157
1954
1568
2240
2079
958
1834
2002
67
1924
2078
87
2045
978
1638
2731
754
945
1089
1213
510
1196
785
1094
1101
1806
1999
1983
2052
1833
1160
946
1282
1990
1709
1642
412
1357
1776
1745
2361
1591
1162
1207
1475
517
1356
607
1463
475
1242
1034
1482
1446
937
879
1279
1730
972
1336
571
2043
1361
1881
1967
2074
723
1793
2199
82
1863
7
1203
1424
451
1929
1910
1618
608
1884
78
2023
1844
80
1869
1938
1976
1960
2686
456
1070
1529
905
1843
731
1569
488
1304
2540
1890
1718
429
1425
1947
665
875
1405
1020
735
1285
577
2414
1399
1791
527
1421
1753
1949
1856
1230
912
1325
620
2031
1777
1971
2373
1626
1195
1369
610
1918
2114
1143
1666
1607
527
1444
593
1277
1014
970
1052
899
986
861
1624
2084
3
2046
55
1570
435
1575
438
1506
935
1019
948
965
927
1011
640
1367
1045
525
1427
985
931
983
874
1100
697
1440
1842
872
1540
447
1859
6
1947
2045
4
2429
599
987
1710
273
1092
910
1519
1337
288
843
4192
1065
839
1012
1831
1461
962
829
1059
1725
43
1728
250
1181
1304
1564
1648
426
2051
1433
1406
4
2025
1627
332
1542
446
2050
1942
48
1518
915
780
1186
987
1547
1066
1640
353
1626
447
993
1849
2038
44
1882
2098
43
1980
1599
390
1226
1203
597
1197
927
1931
1012
894
1161
1871
49
1080
1212
787
873
1236
1082
1779
1888
1874
2112
1495
1056
369
1713
559
1278
1664
1227
1229
373
2087
58
1572
286
1483
892
883
1181
661
1227
959
1087
1110
820
1697
1938
2107
5
1912
59
1279
1385
427
1443
632
1148
742
1330
1825
2220
613
1070
1594
444
1672
2507
1794
7
1815
1247
2039
1499
560
917
1514
494
1367
452
1947
1196
2280
643
2138
1918
92
1727
2461
1665
7
1908
1276
2102
838
1822
2929
99
2180
1824
87
1392
777
767
2042
7
2019
2011
2868
86
1973
2118
746
2045
1876
2075
2147
7
2168
1969
2099
819
2111
812
1385
1540
1875
2082
1476
1154
528
1328
1713
106
1734
1671
614
2059
1763
1814
2398
1684
2070
104
1229
761
2383
501
3005
131
1807
2086
2050
1920
2205
1851
107
1206
712
1126
932
1016
1298
2193
423
1352
514
1936
2141
1137
2157
807
1952
9
2061
116
968
897
2421
498
2513
548
1889
65
1098
1464
629
1682
1353
949
2849
108
992
1981
1734
2075
1600
640
2147
704
1429
609
1013
2122
2071
1700
1461
732
1240
604
2110
1416
613
1902
1985
2083
1191
1575
2089
2069
8
1237
1758
103
1686
2164
120
2063
1041
1024
978
1010
2317
509
1076
900
2383
791
797
1681
2216
1809
1723
583
2096
2068
135
1746
2320
845
1933
1814
2486
803
1534
1672
755
3617
2237
1770
1974
1555
733
1487
510
1202
1733
129
1691
1690
583
1763
2003
84
2012
1930
1177
2104
673
2191
1658
2358
1801
94
2079
1922
90
1269
587
1835
1975
1964
2190
2044
1857
2164
95
1975
1764
91
2212
1758
124
1795
2011
83
2125
1230
1384
2302
1909
2583
362
2509
822
1955
12
1357
407
1521
629
1817
1523
1489
1670
438
1787
2186
77
2070
1446
450
1142
1982
1998
961
2062
1658
2413
901
952
1476
395
1389
673
1732
1667
734
946
1345
358
3073
1194
2029
835
1257
1976
883
1145
1183
1043
1542
6
1561
502
1482
392
2115
77
1354
469
1061
1271
789
1138
984
1969
2053
1796
2016
1055
1868
2170
1887
1752
2031
2195
1140
1262
806
1473
1773
538
2017
92
1748
1823
488
1644
2082
65
1968
1470
591
1421
704
1672
1742
975
762
1805
9
1205
1929
1250
516
1360
1247
335
1979
65
1906
2021
1346
1047
1476
1725
397
2046
67
1874
6
2205
1599
2438
1595
2639
613
1957
1509
652
988
1680
1477
970
773
1248
905
919
1702
1590
2069
748
1399
334
976
1688
391
1354
1217
281
1745
510
1502
416
1275
715
1379
553
1195
1882
1595
321
1994
3008
5
1047
1323
1203
407
1743
445
1340
524
2232
886
1164
2101
1660
2154
1825
1938
1953
2175
1905
5
1927
66
1595
442
1593
559
1063
1260
574
1347
708
1129
1223
625
2322
694
1530
513
2105
825
1867
7
2182
1837
7
1344
1053
1744
7
1792
1690
606
1005
971
1793
2200
1964
1787
1933
2359
1843
9
1148
1938
128
1863
1909
2011
2004
809
1954
2081
2198
1912
2130
1907
1993
102
1593
1466
2304
629
1096
1647
2133
1766
2245
2098
1827
2148
2023
1661
2380
1686
2373
1217
719
1285
825
1080
1633
2298
832
2084
1702
2191
1842
80
2038
1753
2212
2477
628
1287
662
2036
8
1312
662
1601
551
897
1797
2215
972
1952
1918
1741
2624
882
2025
1222
400
1209
1088
1206
696
1306
419
1982
90
2021
1214
1247
1732
945
2151
797
2137
1958
868
2031
1068
2082
1894
1778
1358
889
1119
1076
619
2405
1714
1438
558
1657
2285
76
1873
6
1930
1741
487
2089
1822
1206
1776
1943
1848
1214
1929
1951
2421
1567
1997
1800
2391
1476
495
1514
560
1745
2991
2091
1808
2385
1343
544
2224
1968
1998
1647
73
2020
1648
609
1881
1835
2055
1822
2093
2789
2379
143
1826
1199
1859
1971
1169
1800
9
1521
564
1572
2574
734
828
1128
1016
1814
1059
2108
1913
1483
1379
2238
1849
4
1994
58
1558
572
1154
1385
330
1495
1020
944
1010
962
659
994
922
1330
967
1928
953
2080
845
1023
1275
1201
511
1362
1078
509
1421
634
1549
308
1926
5
1097
1917
2051
1870
1119
1982
1910
2356
794
1063
944
871
1057
1266
887
1557
330
1640
422
1493
873
1067
505
1937
1328
1061
999
995
772
1753
1382
1841
1921
62
1900
1665
416
1576
561
1549
471
1345
516
1528
1029
367
1666
497
1325
750
1731
1446
726
2173
976
2026
1531
76
1981
1941
60
2179
1784
2276
1930
77
2163
1077
875
965
995
988
944
897
2123
1833
5
1976
70
1956
7
1863
1891
3237
72
1163
926
1744
1518
952
1326
463
1846
1325
860
849
1673
455
1461
363
1704
455
1407
369
2979
71
1544
474
2500
668
2020
918
1924
2055
1990
1231
1073
820
1682
1996
2386
1510
2166
1805
2296
1956
5
1987
71
1420
788
1711
2165
2156
1831
959
1511
481
1848
2013
94
1996
1638
554
966
1627
2022
2137
1996
5
1990
116
1179
1200
461
1558
715
1238
677
1299
1957
714
1749
2176
1146
1709
2105
1650
347
2080
1469
481
1524
486
1350
640
1514
1198
504
1659
2601
657
1716
2094
7
2363
1732
1093
2058
1881
1872
72
1972
1974
1935
2029
2110
2152
2195
825
1810
1498
593
1596
650
654
1548
552
2337
580
1124
1734
1552
1634
2175
823
2106
2009
2137
1119
781
1894
1986
1948
2116
1933
1972
1888
1852
2348
1635
2318
1816
2070
1901
2610
619
1477
536
1819
1917
2455
1451
1278
1434
547
1394
743
1634
2552
1143
646
1439
849
1154
661
2086
1258
645
2086
1048
962
1826
1685
2226
1884
2345
1483
2363
1849
1993
2978
8
1940
1857
2560
842
2156
1618
2138
966
1841
2476
668
2520
653
1537
2308
1706
1489
1642
2367
1043
1603
3023
2081
1994
137
866
1851
1676
2558
4347
3676
2100
9
74658
1240
13
1327
1437
4519
876
3516
3219
1900
4997
2792
1679
2407
1806
1021
822
2091
571
128
3070
21180
1940
1996
1680
2129
2174
1912
783
17333
1545
2006
1875
1600
3659
9
1859
3946
1728
1857
2616
1374
974
3581
1163
25396
23900
19169
24575
11
1237
1017
1410
1800
1939
2194
1752
9820
10894
7895
7843
6010
1685
1963
1931
1286
1103
1150
11084
5652
4503
1901
1130
1127
1773
947
640
2137
108
1722
6
1639
624
1355
532
1319
1385
2385
893
1745
2496
661
2510
455
1475
404
1472
736
1288
553
1407
2007
1747
2263
625
1820
2026
2155
1664
2847
533
1353
646
1842
76
2000
2011
2195
1707
2272
1128
1468
1462
903
1010
874
1758
2021
2207
77
1348
580
2033
100
1301
582
1778
1523
956
993
976
1508
1718
454
1337
970
1019
774
1072
926
1959
1039
957
2038
956
906
2028
950
947
1142
1435
1086
985
985
1004
441
1468
1030
986
1010
808
1138
556
1383
954
1071
1136
554
1401
632
1301
1137
901
1048
464
1493
903
1055
896
873
925
1057
951
945
977
1471
509
1492
474
1536
918
884
670
1572
774
1003
1067
1229
324
1365
1571
1058
974
1988
1959
1981
2390
725
985
1189
1034
943
1024
1042
1363
937
1351
1182
1908
1078
1047
969
2058
967
1153
771
1209
994
1945
1878
1142
1727
1484
690
1230
737
1214
965
1125
1254
333
1154
1417
1669
919
1055
1886
1979
2929
1123
1789
1100
1980
1927
4
2383
1809
1122
1921
1891
1835
1999
1960
2255
1823
1111
1652
342
1064
1231
1712
977
1363
1856
976
879
2005
1048
2076
1702
51
1935
1986
57
1455
745
1163
1077
1259
425
1807
2185
1816
2100
1884
1510
1040
958
930
1027
934
1001
1165
1083
1361
1151
2058
1806
2104
1950
55
1946
1887
2057
1280
1041
1263
1218
383
1216
780
2295
767
1150
1085
1129
1013
1049
634
1476
371
1433
867
1166
1514
6
2002
1809
2115
1905
2315
1709
2060
1900
2181
2027
6
1838
55
1722
394
1647
378
1109
1202
1140
728
1125
2083
592
1234
971
851
1111
996
1591
2109
2013
1993
1049
2226
1321
570
1893
1593
418
1571
466
1839
5
2100
953
1093
1053
879
1815
2449
834
2058
1292
541
1377
982
815
1128
1889
1713
2138
62
905
1632
298
2186
1495
301
1767
432
1334
630
1046
1043
1037
1745
1716
414
1492
530
1904
79
2122
1718
69
1870
2056
2139
108
1930
72
2096
862
1520
367
1841
1156
1881
1953
1676
1362
1663
600
1026
1038
1259
573
1831
1757
364
1316
1184
781
1193
620
1023
8559
9339
7110
1968
1926
1001
7
1210
10357
1566
7383
3563
3998
14
2692
2620
773
2338
896
726
1888
2291
1772
1823
1869
2282
1996
1385
563
1428
1061
658
2059
1858
1379
664
2183
1883
945
1743
2075
2408
901
2288
