0
2949
3
941
2674
308
1049
1804
220
1947
1424
832
757
1434
680
1239
830
977
2014
895
1242
2577
2521
1364
399
5089
1003
1783
1010
1882
2034
1048
1040
1682
4942
2333
8923
3
5852
2906
3900
9496
13059
14
872
1012
924
1136
1216
979
751
1027
1113
1053
3805
2492
851
1524
1063
1293
3766
3483
3800
6880
3657
3630
5140
4470
2572
4297
9463
535
1161
1522
241
4046
4005
7312
3282
311
3719
3315
2266
7249
4446
6476
5333
2438
940
979
1445
673
2130
2038
2260
803
678
2946
40
3145
3410
11908
351
4233
2705
4552
4608
4225
3710
6391
7852
988
858
1099
1059
960
890
1079
939
1038
1068
921
1003
974
1016
1543
630
967
911
1024
1068
1087
716
1146
927
949
945
1122
932
1086
897
1584
482
1082
955
963
1269
672
1080
1209
854
950
854
1071
1061
1003
925
1146
1301
577
1023
2500
483
984
1621
468
1116
707
1170
905
1027
1018
1087
1007
906
920
1137
958
1111
867
1068
1000
1007
949
1151
939
947
938
1027
1333
694
1002
934
1045
982
1011
1021
941
1016
1469
552
905
963
948
1168
993
971
992
1040
991
998
962
1042
1007
1030
897
1082
992
983
954
1727
310
964
909
1115
881
1090
910
1145
1013
915
1011
1054
992
1006
958
1030
941
1028
985
1001
1058
1874
1020
958
1090
951
1190
897
1005
921
949
1094
937
1060
967
1059
1043
857
1092
1031
969
942
1064
965
1041
955
1098
885
1075
930
1057
1001
981
974
1039
1001
994
976
1018
1055
925
1013
1008
1693
328
903
1120
919
1087
906
1112
896
1176
907
883
1012
1100
941
989
985
1002
967
1191
928
954
974
1062
1056
837
993
1030
1044
936
989
1016
988
993
975
1142
875
996
1004
1011
1035
964
1070
951
892
1091
913
1144
960
982
949
1162
861
1047
1470
513
1010
960
986
1093
936
914
1096
1162
892
1007
931
1062
1026
979
961
1124
943
1045
920
1138
835
1118
872
997
946
1051
1024
1029
995
1026
927
1048
997
999
967
1055
1024
962
996
1115
928
986
881
1090
1023
924
997
1024
1013
1070
860
1879
244
882
1025
978
959
1064
1058
969
997
1010
933
1117
931
1057
1028
928
1005
1076
929
969
1188
842
930
1072
1017
922
1010
1085
997
1003
933
999
1376
704
885
942
1074
985
1023
1081
944
928
1025
1120
894
1013
928
1089
972
1081
925
1004
1028
1000
957
1105
920
1054
925
1031
1007
971
980
1795
276
888
1148
956
1008
911
874
1252
939
923
890
1274
876
1048
961
1088
940
1002
910
1091
947
1347
586
1261
865
909
1006
1108
910
974
1169
965
849
1014
1997
40
1060
969
960
1079
970
1017
961
1057
986
1004
972
1000
974
1058
955
1129
989
884
1055
956
1026
959
982
1062
1073
858
1022
1051
893
1171
850
1079
958
1019
948
1099
929
1023
1014
1754
1188
988
1122
907
875
1177
995
952
905
1009
1163
918
935
1128
2189
704
955
1133
929
1083
888
1073
990
1015
919
1008
1003
1057
974
1019
1156
879
873
1082
1103
1006
812
1089
984
1010
966
1017
972
1001
996
1041
916
1202
858
1121
970
1011
999
986
942
1111
784
1098
933
1062
1070
1000
984
1049
954
1019
927
959
955
1194
922
1028
1353
657
929
1122
919
999
975
914
1071
1145
1010
886
980
1029
923
1027
955
1186
900
964
993
1463
610
975
958
1000
950
1018
1092
992
942
991
980
1135
914
985
1019
1023
958
1091
972
988
968
1362
510
1184
902
938
1094
1134
1227
605
1051
970
961
1047
907
1178
828
1015
1039
991
1142
848
888
1286
877
967
997
1066
995
979
1004
1059
944
1214
654
1141
1034
901
933
1178
889
1052
947
1093
1005
984
942
1183
788
957
976
1051
1052
977
973
1484
585
884
909
1079
1258
804
1043
1044
1015
905
882
1163
912
1027
984
1018
1063
940
982
1065
1590
338
931
1229
910
966
990
999
951
975
968
1090
925
1048
998
1080
982
994
962
1076
957
1022
927
1074
989
1052
915
995
1031
988
950
1163
882
1005
937
1062
991
978
985
1354
979
957
660
1757
351
1032
892
1035
922
1059
1031
998
1007
1000
932
1100
1044
931
953
1211
773
1011
1003
1121
849
1179
887
953
1003
982
1132
865
1043
1063
886
1035
1032
973
1013
996
1096
1008
941
1013
958
1000
1131
907
872
961
978
1121
938
1057
943
1095
1018
1055
962
1015
998
935
968
1050
972
1032
966
1096
963
957
934
1100
955
1010
1044
1016
1021
1006
867
1272
762
1061
964
903
1169
896
1386
555
1057
859
1128
922
1076
990
1023
983
991
1031
890
1062
994
957
993
1072
982
1006
958
1033
941
1030
999
1063
969
991
977
1071
948
998
952
1106
961
1840
1152
961
1012
862
1240
929
943
944
1125
956
1012
961
1063
1003
1009
977
999
1138
870
1189
817
887
1065
1110
912
1015
1088
3099
3781
3894
2512
3765
2763
1785
271
1226
691
1059
2351
3269
409
901
1035
2023
989
1033
933
1348
689
1436
589
997
5822
13
1960
883
1012
1770
124
3391
2720
1337
1326
829
2435
444
3200
106
923
1048
889
962
2728
1160
5023
454
336
1716
916
1143
338
1908
40
1176
1287
703
875
2019
1827
41
1175
1855
2127
1522
379
2522
586
2136
1740
78
1556
544
1873
2875
54
2039
3
1713
268
1285
1518
321
1583
429
2029
1503
402
1901
67
2570
4099
1775
1561
62
979
1318
880
840
926
1135
1011
863
1033
992
1003
1100
894
902
6105
1039
915
973
2891
1065
1152
806
1121
940
1095
6336
2981
2565
1496
2413
4995
1813
1931
1553
5062
1040
736
2304
718
939
1186
958
880
907
1174
939
941
958
1187
878
945
1032
1054
961
1112
878
1014
1097
938
1202
886
928
895
1063
1152
858
1021
1505
552
1329
595
1017
993
1121
885
1170
1257
711
884
1055
954
1079
901
966
1071
902
1028
1057
1548
435
969
946
1225
870
943
921
1151
997
983
921
1210
837
1035
974
1049
970
1085
899
1046
925
1017
1054
1046
910
1102
871
937
1051
1000
1070
995
978
1053
1002
943
976
1031
953
1009
1016
1031
1080
3132
305
376
1482
692
886
990
1068
995
1270
677
1222
996
864
904
1059
1088
1084
777
1091
876
2646
6640
3680
3751
5454
3382
3302
5530
2469
4154
5455
3
2461
1835
292
1224
1265
745
953
868
884
926
1204
876
1065
854
1164
886
1040
900
1123
944
1048
912
1112
940
1230
859
958
966
1021
950
1019
1002
991
990
989
1065
976
1568
547
944
1362
1218
464
907
922
1012
1226
903
926
929
1112
892
1086
1024
1012
937
1038
982
1026
1014
1040
881
1070
975
1019
979
1012
1019
988
1488
564
980
1000
894
1014
1028
988
1024
975
1045
923
1040
1024
1073
926
962
1031
1123
905
906
1125
956
1007
957
1004
1010
1054
921
1032
1042
967
1000
1051
907
1036
971
1081
980
940
993
1086
995
937
1071
930
965
1047
1410
512
1101
952
1022
1354
707
900
1029
1020
1002
960
1046
1014
1087
949
1129
799
949
947
1033
1058
1012
1046
973
965
994
1074
924
991
1040
1039
880
1176
938
886
1041
1955
997
988
1181
877
1099
874
1005
1042
1002
947
1054
984
951
931
1212
891
983
1019
995
1035
1029
899
1142
881
1052
944
1081
995
989
957
1045
997
975
1000
1011
1003
980
947
1126
878
1093
842
1124
974
948
1012
1105
974
1012
978
950
1094
817
1116
1011
916
1019
915
1270
918
954
884
1187
902
955
999
1044
1014
1024
916
1189
859
1056
959
1047
969
1007
923
1056
970
1011
919
4975
1322
689
1015
1131
920
947
1278
881
894
3846
5793
6856
371
3927
4200
3913
1994
3153
2526
2479
1801
1399
1314
537
1114
790
1023
968
995
897
1105
955
955
1037
1083
1100
889
943
1065
991
987
958
1034
975
1014
970
1061
942
1065
961
1134
1152
1098
668
992
1195
766
1043
1008
915
974
1041
1193
949
943
920
1069
1006
1015
974
1048
967
991
947
1049
1029
956
959
1064
1082
913
961
1105
886
1040
919
1099
937
1095
853
1046
1015
1016
965
1160
983
901
1040
998
926
1025
1031
940
1038
994
984
1057
927
1077
893
1150
908
1075
886
1041
1008
1035
987
1020
1608
360
1017
975
997
969
1006
1014
975
1052
996
988
970
1050
952
1113
949
939
1007
1044
1025
958
965
1092
1062
857
949
1154
933
1075
889
1012
1262
741
939
935
1101
990
969
1216
821
970
1938
1073
1002
1003
1031
981
998
1066
862
1053
1040
1005
963
981
1065
891
1103
954
1025
963
2472
488
1123
855
996
1012
1003
1017
1024
915
1001
1026
991
1008
1058
873
1094
1112
904
1099
942
1120
884
1062
977
916
893
1099
1056
955
906
1161
963
1578
350
1047
958
951
948
1205
873
1068
827
1149
910
1080
944
1109
975
972
1046
1042
939
1088
916
1135
852
973
962
1094
960
1092
942
1086
991
1005
944
948
918
1067
982
1017
987
1095
806
1105
1284
712
941
1111
891
920
1046
1123
952
1054
895
1054
1030
989
915
1044
1036
975
982
1028
1103
1022
850
1016
993
936
1075
986
1020
983
1001
1028
981
1032
946
1049
964
1014
1008
1016
997
1022
926
1023
1066
887
994
1149
879
1008
978
1130
872
1049
1479
510
963
991
918
1235
870
1035
916
1089
983
1017
947
1144
889
1012
969
1034
1004
977
988
1263
813
944
989
1015
1095
2321
722
878
957
967
1042
1098
874
997
1082
908
6359
39
570
1099
1038
876
1115
954
994
888
1028
985
1004
961
1008
1032
1033
1128
883
1014
1017
1023
1086
883
1477
517
1159
823
1091
808
1281
843
1036
888
1224
870
918
900
1164
946
991
1002
1746
318
926
981
1134
1190
793
921
1043
919
1023
1010
1101
968
972
993
1022
1058
915
958
1099
1004
1576
387
970
997
1113
874
1118
868
967
974
1027
1011
1030
999
1026
1095
922
925
1109
997
978
957
1045
954
1015
960
1151
940
914
992
1040
1054
935
1477
518
963
972
969
1149
983
1026
906
1038
1032
1012
958
998
1044
1001
941
1016
1019
1035
891
1071
990
982
1008
1018
1417
571
1030
961
1109
888
897
1155
2099
928
2404
542
991
1012
998
989
949
1039
1029
946
1003
997
1038
1014
927
1118
898
929
1019
1136
946
942
970
1089
1014
952
1225
7292
41
1445
1497
629
847
964
1373
4122
631
891
1042
1024
972
970
1049
993
1010
966
1040
988
1019
1008
981
1033
1001
968
1059
1021
978
952
944
985
943
990
1167
841
1038
965
1021
1092
1032
944
992
924
1146
897
1058
979
1017
1011
1027
949
918
1550
473
939
1080
906
1278
869
955
1002
1023
966
1042
966
1067
1038
895
1040
999
947
1131
835
1190
865
992
1006
1017
1083
937
890
1105
977
1027
1700
267
1006
953
972
1084
917
1011
1073
970
1013
982
991
1132
871
984
1009
1043
1008
982
945
1097
1695
626
669
974
986
935
905
1257
892
911
1029
1107
978
1003
915
1187
872
1036
911
1068
988
1294
614
1099
887
1065
1099
919
1034
993
976
1019
987
1011
947
1045
998
982
989
1107
934
989
957
1124
954
969
902
1169
901
1008
951
1056
1000
993
977
1021
968
980
1000
999
1004
995
956
1133
1002
1002
978
956
1038
1038
1007
934
1038
993
1061
806
1124
989
966
1035
999
1004
949
1043
1096
912
995
980
1004
983
986
1094
952
1000
1047
941
973
1054
927
1180
856
999
968
1031
1056
969
950
1117
915
974
957
991
1065
1007
994
1117
873
1019
1447
505
989
1077
985
1008
1002
1094
875
1030
1017
967
1023
1010
951
1046
973
982
1029
961
1015
1347
626
939
1004
1202
874
944
989
1180
898
970
1018
1008
1002
954
1005
1149
849
1014
980
1118
882
1471
523
1044
967
1108
847
1161
891
886
1116
952
1025
1130
881
1019
1021
1027
901
1174
862
1073
932
1015
1029
1010
963
1166
1917
406
573
914
1015
982
1230
887
895
1015
966
1053
989
1005
950
1047
1422
581
889
1097
961
1036
1402
547
1120
889
895
1099
995
1045
976
1041
982
1069
883
1146
902
1059
896
1166
963
1178
674
1037
1004
1021
928
1062
1710
323
966
1035
992
967
947
1047
988
996
970
1028
1033
1107
998
872
1054
1069
920
1009
965
1028
1051
909
1057
1015
935
1148
879
935
1029
1019
1087
869
969
1069
1064
920
1015
1025
973
1054
890
1083
964
958
1015
1076
1011
927
1019
1019
1030
980
970
1046
1020
1049
879
981
1007
992
937
1142
1674
282
972
1065
839
1044
1067
979
1027
935
950
1136
1047
976
952
970
1041
969
1032
958
1037
973
949
1173
966
880
982
1112
895
1040
994
1017
921
1200
891
930
1010
1114
851
1065
989
1001
982
3349
623
1061
986
981
987
1124
898
979
1011
1070
947
974
1055
966
1008
1015
966
1049
1040
1066
885
1293
882
947
829
1059
961
1011
870
1191
1130
765
963
1189
885
1155
771
1013
1050
970
1002
1130
878
976
1033
1041
985
957
1017
1018
930
1240
772
1130
1019
914
946
1040
993
1025
1012
978
1305
606
924
1249
872
1746
260
989
1001
993
1014
1041
974
986
971
1068
965
1002
959
1103
941
1029
1852
1130
1047
912
945
1027
1070
847
1248
883
937
1052
1035
953
1089
885
1043
1023
984
981
972
1068
962
984
1065
989
955
998
1027
1270
771
831
1139
887
1214
862
1095
898
1137
805
1066
1143
827
1098
951
1070
892
1049
968
967
1047
964
1145
850
1036
959
1038
1035
929
1001
999
1036
1031
926
1008
1079
986
939
1023
1050
938
1013
969
1026
1368
631
1011
991
982
962
1071
932
1028
1020
972
930
1128
897
1037
1013
954
977
1153
952
989
971
1046
2113
873
1015
981
1024
963
1022
954
1028
1107
965
957
974
977
1069
994
989
957
1036
1290
632
933
1262
897
1001
996
974
959
974
1002
2641
321
971
1207
939
926
1008
1039
1004
1052
908
1075
999
1032
918
1022
973
1047
930
1079
958
1003
920
1060
1059
987
944
1065
980
1006
951
975
1032
983
958
1648
532
897
916
1241
820
936
979
1666
639
1030
724
1026
977
1038
1020
1044
1098
781
1028
1035
928
1066
969
1014
980
1045
948
1070
970
985
954
1050
996
1018
953
1024
1024
916
1057
1030
914
1069
960
1024
1017
947
990
1039
1129
915
886
1050
1027
973
971
1129
891
1020
999
1112
883
925
1017
1064
1034
959
947
1056
1029
964
959
1045
975
1072
939
1011
1044
948
969
1040
972
955
1045
1012
980
1136
860
1102
985
986
997
1095
870
1021
916
1076
962
1029
951
1029
1051
944
990
1032
1013
968
977
1081
920
1020
974
1056
975
1050
1112
920
864
993
1070
975
1083
1116
859
1016
1035
2160
723
1018
924
1008
1051
1028
1046
968
1008
982
1058
873
1163
889
1007
1003
1038
935
1290
760
944
1053
865
1053
1070
991
1021
910
1058
1050
949
1041
1040
976
946
929
1061
1050
1010
857
1146
924
1037
864
1097
1022
896
1015
1070
1031
1738
155
1023
1072
966
880
1151
959
1007
961
1171
1003
958
931
1009
1030
923
1062
993
969
1065
975
976
1283
831
911
1022
978
954
1072
957
959
1923
962
1116
934
1016
1111
929
1083
930
1016
973
1024
892
1127
989
1064
945
1042
964
947
906
1156
919
969
1008
1079
1040
987
970
1067
929
1003
953
1046
945
1011
1002
1059
946
1009
976
1028
1044
957
965
1053
955
1055
914
1139
984
1002
985
975
1018
995
970
1085
1002
1005
837
1038
906
1084
1334
752
943
880
1056
1060
992
1005
973
1084
937
1045
890
1061
1016
1059
954
990
1044
912
1017
1118
952
989
1025
1019
999
952
1028
995
939
928
1782
264
981
4065
982
951
1023
977
1023
969
1066
969
978
1068
953
1013
995
953
1050
1038
968
986
1003
1019
1013
963
957
1076
1049
976
919
1007
1011
978
1019
996
1025
915
1061
1011
1800
1135
980
1095
955
1038
918
1011
974
1053
1079
950
945
1121
1251
571
1104
1008
855
1114
992
1382
906
999
908
851
976
1123
872
1102
969
1076
880
1013
947
958
1106
1011
1068
917
985
1035
1746
228
1023
950
1030
1003
957
980
894
971
1299
982
913
892
1076
1118
877
979
972
1211
924
980
1024
1019
886
1020
963
1047
990
976
1029
1068
1620
329
1005
1101
916
932
841
2374
835
921
1160
819
932
1243
878
1123
890
1054
962
979
1120
964
907
1039
983
959
1105
947
1011
954
1068
950
1038
945
1129
895
1022
961
1088
954
995
966
1172
895
879
996
1150
955
962
1003
1042
966
1018
902
1117
993
1000
919
1072
998
1015
935
1073
982
1233
647
1096
1054
901
887
1233
914
1027
961
1041
1015
992
964
1061
921
1027
1011
1017
1000
916
991
1073
967
1040
955
1055
972
969
970
1182
870
953
1016
1057
952
1026
947
1056
1014
956
984
1150
1161
656
900
1202
881
1002
1027
1041
1164
868
963
1061
905
1044
949
1086
918
1071
937
1159
915
1188
694
1066
907
1069
965
1179
969
855
1028
1152
901
931
992
1066
1021
970
984
1196
842
927
863
1469
705
1041
922
956
956
1157
899
1159
922
1043
955
1075
944
1009
987
1068
848
1020
986
1119
867
998
1014
963
1025
969
1003
1102
986
1099
849
1078
994
891
970
1121
975
1072
933
1035
1062
863
939
1153
999
1046
861
1034
1008
894
1091
1003
995
1062
910
1119
846
1001
1052
950
1006
1146
802
1164
943
1064
884
1114
991
919
908
1245
951
932
978
1028
889
1067
1027
1085
832
1112
893
1079
1045
1212
629
1166
898
921
988
986
1101
1049
934
1113
986
987
889
1091
970
1004
1040
1055
943
938
1046
1095
903
1091
859
1102
937
990
958
1030
1067
1019
818
1199
880
961
1061
973
995
1106
930
1060
1126
682
1016
1075
1034
983
971
1085
919
1042
979
1080
938
1054
956
999
985
1097
859
1092
929
1526
504
928
1087
947
921
1140
950
982
968
1027
1079
983
1021
1039
956
919
998
1088
950
1047
863
1759
300
993
969
1186
839
916
1044
1103
945
1041
969
999
993
1073
921
1038
968
1029
1001
1052
899
1032
953
1092
1000
950
979
1070
904
1151
992
1017
907
1086
855
1065
1022
1015
983
1086
960
934
940
1077
1018
955
973
1042
1052
942
932
1096
879
1050
962
1066
992
1031
937
1085
965
1004
958
1515
516
900
913
1260
853
1130
1451
3066
319
1064
1073
968
944
971
1053
1031
992
1130
874
968
966
1046
1020
1039
966
980
1040
1035
903
1324
810
874
862
1145
1100
913
928
1044
956
1072
1144
793
927
1108
972
1149
882
985
1050
989
1015
1012
1011
886
1129
943
988
1008
920
1017
1001
967
1007
1073
972
936
1101
975
954
1047
1137
826
1163
4257
580
1017
999
913
1134
935
1457
535
1008
1025
957
945
1065
977
1041
883
1187
958
974
882
1092
846
1049
991
1073
1057
980
927
1001
1042
882
1053
1046
1061
891
980
1062
938
1070
1046
1007
959
2969
39
1105
955
877
995
1041
1074
887
1070
953
1038
1016
1017
966
922
1000
1100
933
1039
976
1000
1018
999
906
1043
995
983
1019
1155
963
990
942
1046
969
974
1059
1247
867
915
966
1064
897
1101
877
1062
978
1028
1052
904
1073
1031
962
1079
981
933
1067
921
977
1104
1307
717
916
1002
1063
971
889
1025
957
1090
934
1095
943
943
1071
1038
968
1120
876
913
1056
893
1177
1063
849
1187
870
920
1076
1030
991
1051
848
1232
838
960
1070
980
1000
985
913
1203
937
899
969
1071
980
966
1070
1019
973
971
971
1304
725
1056
932
903
1002
1063
1002
1076
938
1021
1006
1117
916
947
1096
981
948
1036
914
1005
1026
1362
618
1073
945
1024
846
1081
1086
958
1068
983
923
1013
1008
1002
1054
931
1026
1007
969
1119
863
1013
1011
1001
984
1124
891
1007
996
1021
1010
1179
732
1049
979
1005
947
1258
831
1068
850
1165
851
1146
927
1075
911
999
1020
1016
928
972
1060
924
1009
1029
939
1276
840
915
1016
1071
1024
1352
563
982
1074
843
1106
941
1085
956
1000
956
1146
925
934
1140
977
960
1036
1031
1015
898
870
1112
1045
1055
890
1085
993
1012
943
964
1023
1040
1033
880
1007
1026
950
1037
1022
934
1047
930
1032
1066
941
1093
977
880
1263
951
811
1072
960
1217
905
968
921
1043
915
1011
1051
1084
844
939
1163
1013
941
960
984
1077
1078
1048
884
1111
920
1009
964
1075
1035
905
1000
978
1033
1047
942
976
1032
990
971
1035
1009
950
1008
1129
832
1052
894
1228
852
1101
943
1050
941
1058
973
950
975
1080
903
1043
1134
880
952
1168
915
897
1033
1815
1280
898
1053
1026
1051
958
965
1019
1012
951
1080
851
1013
958
1031
1074
1025
903
1221
808
1093
931
1144
888
1009
909
1045
1014
998
944
1090
1104
775
932
1092
1025
1050
940
1114
959
937
982
1107
864
984
1006
1072
4587
423
2185
766
1094
944
939
1091
949
996
1072
979
932
1089
943
1073
1038
1048
889
987
1012
1001
960
1073
983
939
997
5423
717
821
947
1014
932
1081
1064
933
958
1088
961
1090
992
976
895
1133
1034
820
1037
1225
916
976
953
1538
560
891
928
973
1125
879
1132
1004
988
1047
952
1055
903
1129
832
1182
847
1069
985
1084
875
1167
860
900
998
1092
942
1135
879
1002
951
1116
915
1017
1015
992
982
1008
1007
981
947
960
1102
976
992
1170
888
1114
874
945
1041
1330
610
1085
961
1180
859
993
921
1068
965
1037
986
1053
924
1058
967
1039
1041
887
1029
1034
931
1002
1148
921
1012
985
1134
955
921
950
1018
1100
922
976
1070
973
960
1050
948
1037
972
1011
1023
1008
1724
1189
1015
964
1000
1052
1027
1055
887
944
1189
922
982
936
1011
975
1023
1138
955
984
1280
602
1239
865
954
944
1095
951
1121
901
1031
1250
635
1017
1052
1125
827
961
1071
1003
953
1053
994
1063
981
923
1114
876
992
975
924
1076
1036
978
1078
861
1108
940
1041
919
1137
960
1032
934
1013
925
1076
972
991
961
1226
895
983
999
1101
1524
404
950
1010
1104
960
904
1031
1017
977
978
1053
975
1116
820
1087
961
1035
974
1883
1132
993
1095
895
1031
963
1052
970
1007
987
1014
944
1135
842
1086
1037
944
937
1109
968
978
1305
734
932
993
961
1136
918
1004
955
1145
906
1018
969
1071
966
1247
750
983
1004
979
965
1138
857
1079
987
1013
1023
933
983
1111
979
929
1145
886
979
981
986
1161
847
1118
895
1152
825
987
1071
916
1099
1041
863
1154
879
1142
798
1114
944
1097
861
1236
912
850
1037
1002
1017
1067
853
1223
947
919
998
1115
883
954
988
1178
893
978
930
1108
941
1006
970
1100
963
940
1028
988
1025
981
972
1036
1072
925
996
1133
826
942
1006
1211
890
968
1015
1031
964
1062
917
1136
877
1228
787
929
985
1110
954
1036
1011
961
1031
1029
1248
857
862
981
1103
955
851
1092
1124
968
962
892
999
1106
1035
902
931
1199
959
896
1010
1014
981
1054
951
1057
971
1090
893
966
1008
1075
1771
1070
1162
921
983
986
1023
1009
1010
989
1012
1023
988
1035
994
1051
944
933
1057
1005
1065
1396
673
872
975
913
1119
967
925
1014
1018
1013
1184
820
991
1046
964
955
1202
840
976
1034
1250
731
1022
1034
928
942
1065
997
1065
1024
949
1285
767
1032
889
899
1081
988
1123
878
1067
998
977
1008
1031
989
1006
967
1007
982
1123
919
1066
908
1019
970
1114
947
1004
947
993
1057
1045
1676
305
961
931
988
1187
882
986
934
1044
979
948
986
999
1048
1050
1005
1058
927
1024
967
1106
969
951
960
1062
968
1100
957
1017
912
1004
1438
596
926
969
941
2340
800
897
1267
900
969
894
1087
951
1083
948
1147
907
993
936
1194
787
2276
839
3993
3281
468
4519
506
2330
696
3615
461
2829
1105
3669
395
3102
1743
6918
327
929
948
1175
1793
3769
446
960
860
1254
3437
575
814
1928
2053
4096
978
1356
759
3744
2831
2846
355
1659
562
3725
1941
51711
1547
5
2893
2689
86
2791
69
771
99117
267
2967
1837
2082
1730
1832
4080
212
1286
1153
2116
1950
1854
1278
98
3561
3218
1477
682
857
912
2467
3793
1284
382
1130
4310
2510
1231
1299
641
2474
687
681
922
1486
4254
3397
1510
393
2095
3002
5
1092
14490
4481
6
952
1828
664
461
1367
1094
9740
1112
644
2991
69
14911
1349
937
1070
2150
840
822
2056
4610
750
681
1353
8687
139
931
922
11173
844
894
1760
626
775
1261
951
3926
15935
4129
1728
594
1052
37853
617
804
1117
3298
3234
1223
4135
978
1080
1335
3422
1127
1083
2797
407
1725
3800
62
1779
454
22029
532
1519
1407
992
396
1489
8384
1654
10297
2284
3117
1962
707
953
1028
931
1068
951
938
1135
917
1094
903
1079
1023
975
967
1056
984
1609
278
1026
1081
957
1056
973
926
1068
917
986
1138
952
971
1049
1013
977
966
1097
979
996
994
1767
177
1059
904
1002
1078
975
960
1158
951
952
965
1086
944
989
1012
1105
919
953
1019
1016
1034
941
998
1028
990
1011
1016
1021
976
1109
976
922
952
942
973
1122
948
1144
900
989
1012
977
948
1061
1002
1005
943
1085
1010
950
1003
1124
844
889
1113
1032
1025
855
1054
1176
981
880
968
1056
968
1058
913
1093
935
1053
937
1036
1004
1015
1419
545
979
1008
980
1233
753
1024
985
1038
974
1003
987
1049
978
984
987
1060
934
1006
985
1030
970
1044
944
1076
1039
915
932
1042
1048
1013
1305
584
1055
1085
914
1083
936
1083
966
1008
981
962
997
1092
1099
855
993
1161
840
1080
940
1018
841
1131
941
1194
851
940
1000
1142
992
959
940
1121
889
989
1108
1031
871
999
964
979
1068
1036
935
1027
1109
866
1067
908
1110
906
1105
951
1037
893
1001
1045
952
1043
940
1065
971
1072
948
1101
864
1090
904
1006
1016
1011
936
1188
904
1088
863
962
943
1099
1074
923
1001
1011
986
984
1171
917
889
1057
1012
1004
962
1070
1028
1002
903
1032
991
1003
982
995
1007
944
1018
983
1228
783
936
1093
1085
886
1042
983
1021
1019
899
1204
1566
242
1044
999
978
1037
942
1029
967
1005
990
1043
962
1027
964
1137
1003
986
876
1086
991
944
926
1101
1105
911
973
1099
900
971
1099
975
958
1056
945
1009
1003
982
982
1012
1115
880
1125
840
953
1088
968
1045
982
1082
906
1054
1010
943
1459
667
985
994
889
3375
627
1021
960
1017
996
1060
957
993
992
1132
848
1001
1015
1138
927
883
1265
813
1047
900
1013
1133
901
1006
1273
719
936
979
927
1129
1016
994
1089
927
1003
1017
948
1169
899
994
964
