0
1919
2950
1129
50
938
1294
2099
733
880
985
1115
1139
3174
855
6981
1086
755
1436
674
1030
912
947
998
798
1652
2001
629
8331
3
3499
1926
2018
2746
3587
5770
3
6288
299
6767
1422
859
463
1113
970
1292
1137
623
1401
2786
795
1093
731
1395
621
1016
3181
4206
384
1938
2083
2075
3533
3
3611
7211
4325
5974
4797
516
2286
863
6458
10
10017
4785
2892
6179
2
11339
180
2143
940
2329
656
9764
2919
4328
4136
7518
1696
4074
4047
532
1865
1118
1479
2821
1947
1674
2
1381
1100
702
4578
7110
1197
3429
1562
246
2159
1229
615
828
2705
1152
1867
1139
2735
2070
300
2972
3281
1589
3176
1095
2836
2877
2
1771
2125
1289
2341
2804
3001
3155
732
3521
398
8645
1627
2550
2040
930
1724
11605
1636
2467
289
1483
2264
2174
2145
2059
1538
1876
2232
1446
2070
571
3105
2281
1852
514
2146
629
2023
970
1933
2791
3096
1937
495
726
2029
3082
2984
1119
969
2363
1895
2883
1873
999
1000
1007
2399
1389
2588
1962
951
1937
2405
33258
6
2573
1431
1898
1632
638
4926
1596
742
558
1331
10402
490
1050
8998
1934
1157
55356
788
1183
1107
2470
955
1102
2041
1394
1195
1730
1704
58642
270
2159
1898
4915
2959
981
2664
2637
653
3062
4069
3192
762
2594
3463
2617
19568
2074
1837
2050
710
1325
756
1443
823
993
8832
918
2116
740
3393
607
2400
935
4019
938
3020
3556
2194
2884
31206
1957
112
893
1401
4774
1138
936
1624
1340
2444
2929
2620
682
1235
2105
2647
108
3323
1020
701
2788
3517
738
3224
601
2990
5022
2893
2906
1591
4345
2277
1101
979
1822
6117
2139
690
1497
1338
1141
1847
3055
47
9937
4
1621
443
2407
987
4634
2279
1073
3729
2841
1061
3979
3021
5591
5797
663
1024
1330
2687
2549
1610
24868
1595
455
1061
1381
463
1429
801
1428
2560
2327
1887
3701
2847
1026
1453
953
881
740
1293
2066
1069
1106
1393
2005
1208
864
1851
1848
1965
1915
639
939
2242
720
1237
930
3177
295
1435
1895
2095
1176
1645
1376
1888
1419
1494
1029
3355
3136
2
1208
856
954
1141
1293
696
3021
1887
1285
1086
624
972
1002
1746
2062
365
930
906
2091
2008
2589
2340
1996
3665
1980
728
633
1109
1532
499
1542
557
990
2069
1072
2687
1982
1960
1006
2241
1086
1242
780
3210
495
996
1517
446
3614
2114
1558
1226
2038
2334
1833
206
3955
2
1072
1236
987
828
1399
828
1144
871
716
1090
1925
3
1726
322
1955
2
986
1671
343
1996
79
1596
375
1850
1604
517
1408
664
1478
407
1457
2905
1651
1971
2011
1553
368
1486
745
1104
1901
1053
991
756
1441
610
1413
1607
2053
1059
1871
1494
645
887
2263
1856
1969
990
2043
963
1955
923
2070
2139
738
1617
1431
1906
52
2108
1825
68
1623
718
795
1982
1944
1986
1162
1834
1166
2025
803
1576
717
1084
1009
718
1257
848
1009
977
852
1038
1125
1110
824
944
982
931
2047
45
1860
3
4283
803
5548
4980
2797
383
4703
3207
4813
249
4597
2
1681
64
1117
1161
739
958
967
948
1158
818
1101
959
1201
1391
914
964
1090
380
1491
799
1276
1085
469
1250
996
963
976
952
1744
45
1975
2
1074
1688
253
2012
70
1938
1987
1993
46
1930
1485
939
743
1846
1053
1489
1020
1504
48
2031
1529
416
1893
1633
433
1487
480
1431
1038
777
1814
1987
1036
1889
976
1247
1157
1252
426
2837
64
1599
578
1806
96
1244
750
1111
1774
2031
1071
1129
1993
1948
1025
1776
2079
1392
1060
656
1654
255
1515
924
1254
482
2206
822
823
4956
45
964
968
1688
385
1542
487
1076
1815
3
1299
3628
7635
3
7402
5636
2403
2323
3142
4306
1943
280
1127
2110
1232
552
1077
1984
989
1043
1134
1145
1626
38
1965
8
1070
859
1213
1054
1298
1992
2716
7643
93
1647
427
1361
937
1116
947
949
1011
988
1076
1036
543
1390
831
1272
881
743
1462
452
1431
981
915
1063
934
979
942
1311
483
1240
719
1181
987
1119
923
2220
908
1200
593
1802
47
2086
53
1523
373
1193
1355
862
1062
1517
1525
452
1905
1749
298
1593
542
1233
1106
986
1647
1214
895
976
1116
835
1840
2034
52
1045
2900
52
1936
2023
4
1060
1229
1597
2190
1501
468
1955
1503
1132
430
2143
1696
4
2314
58
870
1422
1150
340
1032
1302
719
1412
586
1145
1130
996
1001
606
1559
1584
1033
1084
964
1725
1226
957
1688
2199
52
1638
249
1970
53
2127
6
1342
576
1336
1018
700
1099
1030
1909
1892
1509
1448
61
1901
5
1321
1233
1362
4
1507
673
1481
578
1971
93
2124
835
1874
1992
2019
59
1986
1016
1932
5
1938
59
1947
5
2104
1433
1596
1837
1961
2070
56
1881
1745
328
2144
1381
1439
5
1254
1868
65
1136
854
1368
992
532
1472
580
995
1044
1832
1278
1125
1501
1182
1274
1017
945
993
671
2114
8329
327
2095
4945
2174
3647
252
1817
2214
3497
267
3045
4452
1177
1191
436
1393
913
1032
1124
985
933
981
967
981
944
1995
985
966
1957
885
1343
775
993
926
942
1976
1131
1785
1578
1063
991
482
1908
44
2309
1683
1317
946
989
2080
959
966
988
945
989
1006
1350
483
2509
585
1201
974
2075
766
2231
789
1164
2021
936
907
1959
1009
1043
1340
925
665
1230
1047
955
943
935
821
1784
263
1163
1065
973
1326
616
1503
316
1110
945
1522
1372
2045
122
1244
1303
268
1288
934
2035
1772
1767
361
2007
2064
1931
1950
5
1919
54
1490
1057
531
1449
896
824
1404
351
1679
410
1030
1225
992
927
919
1093
948
944
1550
259
1417
688
1578
300
1485
889
1073
941
963
1051
1052
920
716
830
1188
1037
1755
1967
1297
2038
1022
1728
2447
1625
1976
2051
5
1971
76
1548
348
2028
68
1457
523
2022
1905
1996
1063
1967
1859
1177
2111
1778
5
1694
365
1926
4
1546
646
1029
966
1512
363
1217
1963
1360
567
1501
518
1529
366
1537
534
1505
381
1950
1275
975
1248
642
865
1576
497
1329
639
1390
807
1095
807
1500
474
1381
516
1393
2102
1818
1866
1776
1184
1799
1911
2791
427
1547
705
2154
588
2020
1860
1143
1976
62
2186
1680
63
2066
1772
1701
1090
305
1526
1055
553
952
1913
6
1899
1913
2096
1363
927
1150
841
1038
2372
597
1164
589
2922
1266
1846
61
1561
468
1871
62
1124
1878
1570
501
1195
1713
2013
3
1065
1069
1784
4
1118
1918
61
2019
1839
62
2176
67
866
1177
970
3944
1393
420
1012
892
1202
1509
956
942
452
1742
366
1844
1941
39
1013
3294
1967
900
1962
4
1062
1918
46
1073
1611
274
1141
2044
1863
864
2392
650
1120
932
1015
1943
1199
2054
1798
2006
905
2047
1015
1088
1812
55
2058
4
2263
981
875
814
981
1432
787
1030
1030
1614
1215
1851
1037
2207
1345
519
1021
1048
1804
1179
1953
899
2140
1004
1874
1026
1097
1786
1069
1909
1239
1049
2001
2027
812
1117
1903
1256
901
1330
622
1167
1077
1920
934
898
892
1021
1986
2136
973
2030
940
1129
1053
1427
310
1266
846
1054
1172
905
996
1769
60
1452
855
1267
331
1602
412
1497
759
1253
1414
2076
50
1049
2057
1816
4
2314
782
1082
844
1227
1246
463
3270
820
1453
514
1679
322
1699
376
1555
318
2204
1745
1168
1980
2036
1194
1604
2156
71
2019
6
1587
539
1395
471
2227
1831
1859
92
1579
469
1057
1204
1739
1954
990
1986
1043
1849
2502
733
1710
1462
1222
407
2109
1907
1982
1903
2158
89
1411
494
2151
1772
1974
82
1879
2122
1932
1197
1894
82
1866
1207
1744
1211
1827
1037
2113
1788
6
2363
1796
1177
1832
2096
1808
1811
1463
904
1284
925
667
1392
1943
765
1911
2112
1834
2237
87
601
2425
771
1781
4
1137
1516
384
930
1796
476
1424
495
1482
485
1497
759
997
1187
1241
2399
833
2561
471
1738
3241
82
2100
845
1814
2233
85
1646
2174
1872
2147
1957
1155
1722
2315
1910
93
2214
767
1837
7
1368
684
1880
2078
1083
777
2925
44
1442
641
1088
1002
1102
1889
1954
4
1588
471
1915
2067
1859
4
1953
1349
1793
1117
1860
1978
1923
2025
1181
1450
408
1574
460
1118
1181
934
1629
1271
1749
1593
1041
943
970
993
1020
1015
951
953
986
1309
314
1464
760
1366
1321
1158
1066
1302
998
1077
926
1013
902
918
852
2120
2077
709
1179
2280
1449
4
1978
1177
1943
55
1516
493
1518
464
1849
56
1502
1100
573
983
1034
1117
956
1591
2061
59
2063
4
1855
1702
481
1993
1026
1956
1911
1024
2133
1768
1328
1663
2122
1567
543
1463
435
1664
325
2077
1557
327
1582
498
1147
847
2108
977
1117
2031
760
1790
2487
1602
1236
1846
1944
5382
1108
961
980
664
1209
1107
1728
884
1089
2207
2156
650
1802
1065
2065
1490
531
2379
766
1282
638
1098
1878
1149
1811
2083
874
1173
1932
1884
52
1960
1954
2019
1140
1744
1204
1961
65
2108
1524
426
1968
1974
1848
2081
2034
1070
2163
891
1880
2114
1080
794
930
977
1391
781
1051
1082
1918
1976
119
898
1186
895
1312
409
1584
576
1176
1092
1802
2128
742
1284
1555
2136
6
1129
2102
1906
2005
1940
900
1849
2258
1909
5
1913
1162
1072
1658
1385
993
1083
1687
74
1161
1021
1227
697
966
1475
443
1418
627
1806
2011
1976
600
1529
4
1259
861
1281
691
1877
1369
999
983
1087
1215
392
2054
1108
2083
1883
1953
952
1800
1338
1351
490
967
2412
572
1308
2180
729
845
2228
1899
914
871
1831
2130
1550
474
1937
78
1885
1960
1584
663
2225
1009
1691
1264
1343
345
2562
654
885
1090
941
972
961
2547
371
1921
1340
1042
1745
1492
504
1306
798
912
1228
1823
981
1266
2053
651
1399
587
1244
1607
1998
2639
411
1511
505
1943
1535
1492
1118
2196
1675
4
1276
1829
929
2150
864
1154
923
898
1610
348
1575
1031
435
2057
54
1364
936
1062
531
1452
1013
934
957
999
928
942
2006
773
949
2009
49
1692
233
1557
1604
1871
2999
5
2304
2127
584
1525
1319
1263
1909
2002
1912
2108
1869
2036
2508
855
996
1107
1240
281
1444
933
960
898
1186
1747
1002
1213
1678
984
1908
5
1183
1217
1661
63
1124
963
1056
1291
1900
620
1663
294
1983
1595
559
2012
1517
608
1923
1901
142
892
1625
396
1583
353
1393
1178
576
1934
1094
1645
2171
2050
5
2038
73
1895
5
2164
1781
6
1835
1777
340
2437
747
2139
1315
492
2132
2183
927
1041
1323
486
1213
713
1422
770
1190
630
2063
1928
1844
1935
2172
112
849
1045
1506
552
1004
1126
1232
1693
892
1873
2130
2393
732
2192
932
820
1465
580
995
1071
2231
664
2197
1902
704
2268
1791
2512
625
2099
1017
1005
815
2953
2968
103
933
1394
734
2123
2139
634
2162
1042
1636
2170
1836
2068
1880
2361
110
816
1399
416
1327
820
1877
2205
1769
1177
1803
2003
2233
1873
1234
912
869
1103
2378
529
1955
1264
1924
1931
2132
1224
559
2100
1756
2175
1741
1600
1577
1748
2053
1772
544
1411
556
1381
489
1368
1799
99
1095
1253
600
1885
2495
595
1886
2104
103
1807
1427
562
2222
792
2173
9
1056
1156
1684
2374
577
2165
1749
2104
1249
876
1200
695
1067
1233
681
2377
590
2156
2073
1903
1795
211
2018
1225
733
1214
846
2890
10
1174
918
1654
1818
721
1478
2081
1739
1414
875
948
1391
1027
762
1379
485
1202
923
1483
477
2433
537
846
2266
1726
2251
1622
2067
1848
2585
742
2215
966
791
871
2166
91
2085
2084
863
1886
1304
1008
994
767
1532
654
789
1145
2240
575
1595
638
1055
1571
1202
2261
894
714
2140
1881
88
2099
1985
693
1319
1834
1809
1534
758
1078
850
1551
440
1008
918
1372
1921
600
2231
974
732
3241
1753
1511
604
1984
1914
1039
1982
1149
880
2165
1120
1819
1290
608
1090
1186
961
1054
919
1173
825
1158
628
1202
1033
1173
1676
1522
508
1406
3077
440
1020
952
1903
1004
1948
1091
1062
1090
1426
1432
55
1704
295
1962
1530
439
1393
772
1337
552
1191
2030
1850
1065
1184
652
935
2011
1099
1081
2806
50
1083
1991
1891
1896
1978
2028
1489
750
1059
896
1762
1298
1609
286
1993
1879
51
2018
1645
456
1439
691
1292
1214
251
1905
1836
244
1727
296
1702
244
1419
647
1047
1125
2114
1703
4
1922
1251
1881
1894
50
2029
1438
920
935
946
970
1020
1134
767
1266
1236
401
1840
2022
4
2120
1522
506
1618
392
1333
1008
763
1435
521
1345
862
1224
510
1366
765
1248
1225
274
1922
1762
263
2648
527
1914
1939
56
1916
2045
69
1473
582
1529
505
1785
1987
2160
2345
1491
1452
617
1196
1976
1990
1424
635
896
1032
1852
1636
483
1166
1376
514
1264
602
1930
2080
56
1992
1804
2041
57
1012
1099
1307
1841
977
2231
648
2415
523
1348
722
1352
819
734
1911
2114
3
1359
673
1177
1000
830
1150
937
963
1754
1980
2
2098
48
1544
308
1111
1569
1284
1151
1692
364
1976
40
1561
927
452
2041
52
1181
1070
780
1164
1135
921
1010
893
1187
830
1249
1086
480
1324
1066
1032
1032
909
704
856
1017
1089
1107
927
1004
892
1519
1348
2039
1086
930
2013
984
1971
4
1132
1910
47
1963
1509
1042
379
1718
477
1392
1352
1837
287
1032
1541
457
1022
951
1184
880
1013
1124
1074
1077
1057
1006
1232
318
1237
919
2300
636
1263
1347
313
1713
253
2324
1379
261
2043
1273
1199
661
1363
1392
2076
2045
4
1961
52
1080
967
1169
1667
1179
2114
1641
2387
1072
1955
761
1084
892
1132
1097
1078
1005
1239
464
1472
1117
575
1454
479
1466
758
1185
484
1082
3036
978
2076
893
1975
1885
58
2125
1782
59
1576
815
1576
1102
1966
2008
5
2198
1685
4
2484
685
2052
1807
55
2177
1884
1994
1095
1964
4732
58
1621
525
1353
1023
944
1021
920
832
1184
1003
1832
1854
57
1997
1317
1634
1446
656
1109
905
1213
958
990
870
876
1185
918
1872
2175
831
1868
1284
1994
904
1897
2078
268
1389
302
1694
354
1666
348
2964
1036
1905
1895
1442
835
946
1990
1545
562
1894
1579
348
1262
1094
1236
538
1176
755
1275
1556
1970
1129
1299
1211
903
947
906
1051
949
974
895
2390
588
2123
1195
974
882
1083
918
778
1163
2048
854
927
2033
957
931
2044
1148
2232
670
1134
1731
2168
60
875
935
1014
1205
894
1045
1347
1464
2292
803
888
1112
1973
1963
48
1578
448
1951
962
1503
886
1483
53
1224
876
2310
883
1029
862
1035
1026
1058
1966
1793
2038
1810
1232
1814
2038
1987
2106
964
1646
523
3406
1361
1997
2218
1303
1199
411
1164
1063
743
2322
1655
1051
1403
1221
345
2023
1614
338
1583
790
1306
361
1388
681
1086
1108
2006
822
973
1963
1001
1421
1149
441
1580
358
1502
879
1148
522
1016
2375
693
1079
811
1020
1198
775
2692
337
2075
1792
60
1575
593
1468
354
1214
1832
1355
1144
463
1535
578
1209
1312
388
1129
1229
930
1728
1077
2026
875
2312
1615
1329
1346
366
1387
1060
1730
1001
888
1504
1366
1137
2386
1635
1809
2032
1617
547
1283
552
1794
386
1112
1052
832
1315
1204
285
2467
692
2162
774
1167
1997
1941
1924
2011
60
1176
835
994
1057
1126
870
1376
1291
1321
1834
2018
1559
576
1321
1083
1183
413
1420
501
1488
869
1120
535
1576
397
1855
2025
1988
2104
85
1915
1845
2016
2047
2219
2043
1919
1754
2094
2072
2034
1016
1033
1394
768
896
1003
2050
1944
1965
983
1905
1100
1868
2096
1788
2102
1924
60
1989
1746
426
2094
884
1238
1857
1838
1934
2817
2174
80
1740
2252
63
1678
3352
1230
758
940
1152
2230
935
1200
583
1822
1334
1003
999
699
1853
2447
1687
5
1976
82
1533
339
2355
1911
1392
467
1626
437
1975
1906
2368
1415
1490
1571
2128
1225
1882
2239
1632
2397
1642
2018
1774
2177
1985
6
1968
1072
1085
1053
953
1910
6
2083
75
1785
6
2123
1437
617
1000
1036
1905
1862
2024
5
1604
371
1137
933
2318
1048
574
2310
1875
1380
467
2456
1508
1995
2085
1772
2199
91
1287
1912
1988
903
1904
1078
2108
907
944
989
2319
1812
947
2000
1849
1212
1828
2252
1773
1388
635
1181
1122
825
1752
1870
2897
1572
1840
114
2060
1330
642
831
1702
1833
565
1408
685
1281
537
2264
659
1071
2881
114
864
1087
2178
2672
2053
2075
1893
2229
831
1175
938
1359
512
1469
699
967
1315
443
1351
1553
2209
1533
480
2131
829
2100
1323
595
1245
2186
1889
876
1071
1296
632
1985
1924
111
2117
942
1858
1287
593
1540
513
1172
1838
931
2041
1464
521
1341
1177
623
1984
1896
117
1021
892
1929
106
1780
2486
539
1319
797
1013
2148
1842
2038
1174
1847
977
1446
606
2106
1749
97
2094
1364
802
659
1187
1037
936
941
1007
1109
1791
1906
1389
534
2414
1219
339
2007
1237
980
960
1368
1403
2013
1190
890
2258
784
1124
2037
1872
1407
629
1445
600
1478
455
1334
1016
649
1197
1665
2147
1836
1487
699
1332
1023
580
1608
423
1254
971
875
1234
1480
1425
1796
2074
926
2159
906
1837
5
2237
1805
6
1801
2040
6
1473
1217
545
941
1015
1340
1913
890
789
1334
1898
1937
1880
1963
1925
1896
1352
1656
2036
2574
529
1864
1437
1642
2320
1658
2108
1946
1412
1730
2225
840
1777
1230
1099
1092
802
2406
552
1268
674
1116
1335
496
2462
574
1223
1932
2014
1995
1029
1885
1799
2216
1872
881
1325
2002
1696
2112
1940
1062
1794
2419
1467
2171
1073
1088
2388
537
1365
647
2055
2197
1940
2060
796
1725
2130
2084
2051
1710
2056
2174
7
2307
993
952
841
1482
612
1068
1159
794
1407
623
2316
603
1930
2070
2081
1199
616
1422
790
834
1568
534
1679
1824
1967
599
1394
539
2098
1940
8
1040
1101
985
844
1055
2322
435
1520
532
1891
1808
1824
387
1146
1333
451
1423
979
1217
453
1425
611
1386
1867
799
969
1042
885
1056
968
1543
355
1605
404
1304
1235
515
2129
1321
1434
1924
2030
1252
2012
1770
66
1595
498
1896
68
2003
1911
1008
1968
1819
1345
1748
2189
2126
1242
684
1364
624
1348
952
603
2178
2297
759
782
1952
67
2952
1086
1177
1855
1915
2070
1260
604
1529
722
1261
653
1218
788
1412
534
1136
2148
1467
2140
1895
1503
680
1026
1269
664
1146
1033
1025
1096
767
1767
2189
67
1044
874
2037
997
873
1457
961
1897
1235
624
1262
2008
879
995
1052
850
1130
1038
847
1093
2748
6
1581
446
987
2079
6
1899
68
1799
2946
6
4023
1976
1498
1051
582
992
1024
1180
2133
1723
2064
1856
1036
1851
2209
1065
1010
2186
821
1634
2757
583
1735
2054
73
1328
871
1341
842
732
952
1329
1647
5
2073
1846
2073
2003
6
2106
1948
1345
588
2007
6
2143
1442
328
2019
2026
7
1599
470
1553
459
930
1415
1734
2095
1714
2194
879
1964
1005
1677
492
996
1446
468
1440
657
1434
479
1249
1188
918
940
894
1806
1416
541
1472
614
2293
2088
510
1227
931
2114
1020
1868
983
1951
1843
1958
1518
723
2021
1858
79
2142
1407
488
1051
1039
1095
1214
410
1857
1437
2075
1724
1275
850
2126
1954
1878
2001
1064
1729
2387
1700
7
1012
2131
972
1095
961
1154
1037
1254
510
1293
882
775
2278
1994
981
1656
2610
621
1736
2078
2192
1254
617
1313
977
1153
607
1412
808
1971
1952
931
1809
1324
1689
1046
2033
1985
1322
1519
2152
1791
1355
2081
1063
1895
1744
104
2222
875
1892
1300
1687
2135
2206
828
1691
2250
1978
1667
2135
2588
1366
2394
1810
143
2447
2078
2758
716
1469
1621
1244
772
898
1093
1032
870
845
1553
555
884
1005
2198
1751
1807
1968
2071
1862
1403
1990
1959
918
1911
1133
1859
1262
1125
831
1143
501
1134
1228
1493
1622
1583
79
2084
1902
1974
1056
1142
916
2182
2016
2119
791
992
1841
97
1967
2091
1834
1079
1965
2031
1842
1994
1911
1121
2172
1912
1102
1740
2354
991
1635
2478
1411
2069
1433
855
2262
681
1040
1963
1945
2334
1640
2079
1378
544
2009
78
2037
8
1161
1298
632
2024
1011
1688
2263
1252
530
2161
1829
1319
1665
1497
795
1590
2294
1066
1404
527
1875
1215
2317
661
1941
1273
1449
1646
525
1305
1715
8
1079
1896
92
1467
747
674
2166
861
2318
745
2354
580
2147
1703
2142
1733
2356
1344
547
1342
676
1391
645
1207
1205
1376
1446
1103
938
845
1097
927
2308
560
1162
1208
634
1832
2080
104
1850
1598
479
2176
816
2174
937
939
1885
1091
1037
1629
3253
88
2068
1800
2117
1782
2542
2060
489
1858
1583
799
1098
1909
942
2305
632
1110
2119
967
1748
1525
354
1559
787
934
1739
6
3380
645
2257
1800
1051
1722
1331
1046
990
1076
1669
2213
1850
1291
1147
826
1134
1075
507
2254
943
1126
1900
941
1924
1574
494
1512
510
1539
598
1241
484
1371
1190
583
1135
1083
975
1194
508
1898
1830
1760
600
1117
1287
671
1474
662
870
2839
169
988
966
2327
557
2308
723
2100
922
1104
1986
2002
850
3107
101
2146
663
1934
1437
622
1847
2121
1279
999
995
2256
581
1242
797
1957
1386
641
1642
2197
1420
1029
825
1189
640
1960
1535
657
1073
854
1212
1817
1159
1755
1961
1275
1306
1505
1055
977
955
998
1789
841
1151
1012
1765
1513
762
1119
2790
84
1192
869
1058
939
951
956
1010
989
976
924
969
1633
1059
1192
2613
470
1522
930
969
952
1045
996
916
687
2005
979
936
1977
1185
1870
1974
44
1915
1682
402
1602
475
2055
1017
1300
1263
309
1525
644
1319
512
1925
2010
48
2032
1009
957
1297
849
1532
287
1656
413
1961
1046
2069
885
1079
1842
50
978
990
1185
4197
2716
3
1348
613
1266
1069
744
952
973
1053
2875
42
1956
1069
1032
963
957
1556
1355
1120
1136
1224
922
1131
529
1075
903
1267
1607
185
1999
1449
491
1063
1191
889
984
951
1323
1642
40
958
2140
47
1457
345
3145
1048
905
1035
1250
977
899
904
991
917
1294
813
930
932
2072
1835
2238
1772
4
1683
430
907
2674
390
1676
311
2096
56
1340
548
1504
474
1059
965
971
1005
2040
983
1861
48
1120
1893
1163
1904
1957
1021
1724
278
1940
1116
987
1086
2027
1904
2148
886
965
1040
1354
1772
2123
696
1965
1087
1103
881
1128
917
1204
1275
634
1175
677
1735
1764
456
1412
1115
561
1533
302
2113
1141
943
990
1906
1055
2000
852
1156
920
1964
1822
1249
1646
293
2057
1892
54
2014
1921
70
1955
1043
1992
2127
1778
2289
1746
1940
2000
2426
979
964
958
947
1009
905
1931
882
1117
1076
872
1091
2078
2057
1974
1812
2006
1900
53
2169
1814
53
2101
1816
63
1362
1623
61
1633
369
1456
1138
393
1305
1875
1894
2314
1484
2068
1308
952
1341
556
1344
954
653
1432
1582
896
1064
915
2096
1831
2190
1931
55
1979
1590
496
1967
1459
496
1448
614
947
1040
1140
1929
945
994
1246
1836
1817
1068
1837
2026
1885
2426
1349
550
1755
55
1688
276
2290
1664
1298
946
951
993
2170
1731
1067
1056
2008
1023
865
1071
928
1954
1246
804
2302
928
916
1025
960
1699
1334
850
1041
1066
1324
1151
489
1529
482
1383
1015
662
1031
1225
809
1129
1189
1011
601
1258
557
1043
2024
1143
1897
913
2108
1774
2149
1105
2141
1369
340
1524
1475
62
1888
4
2016
65
1897
5
2005
1611
550
935
1326
1032
601
2005
60
1267
1940
878
1965
2080
1830
2074
1967
5
1809
1706
582
1532
419
1404
1129
479
1638
425
1740
1921
2261
1855
62
1260
829
1547
408
1559
527
1401
547
1235
2021
1675
2055
1836
2663
603
833
2296
998
998
801
1141
1871
1522
425
1843
4
2017
1881
2077
1351
1863
2082
1882
1970
2048
1053
908
1328
974
2017
1832
999
1392
470
1022
1597
512
1330
547
1516
479
1393
1865
897
1808
1097
2019
1844
1318
876
1048
916
1902
2153
837
2049
2090
1868
1804
2438
1593
2027
2124
71
2102
1749
73
1433
927
1646
2059
1906
1916
2107
68
1127
2727
70
2059
3337
7
1648
1066
888
1408
1879
715
2121
1844
2232
1568
2283
99
1227
979
687
1801
1310
1102
1070
1671
2224
840
1833
1171
1767
2049
1895
2402
114
1204
555
1549
653
1265
762
1121
930
1328
580
1455
651
1665
7
1667
583
1634
1536
578
2040
2104
965
1773
2011
2054
1875
1995
2238
87
1963
944
956
1394
1092
475
1272
2038
1839
2073
880
1925
2014
1864
1217
1455
482
2055
1778
103
1839
1766
607
1254
598
1336
1091
517
1488
938
967
717
3020
111
1986
954
1644
2579
647
949
1631
608
951
2948
108
839
2359
748
1630
1576
1848
2079
949
1577
1490
1645
2023
1129
1629
1412
1061
2107
611
1215
2190
2246
727
906
880
1289
1917
1858
1108
1114
621
1475
946
852
1476
2215
6
1987
81
1533
584
985
1389
461
1391
552
1894
2327
1038
1029
963
893
1397
528
2081
1733
2297
1002
1705
2500
789
1718
1331
1964
2015
1271
491
1968
1388
733
1166
2061
643
1377
931
1664
1546
632
1036
1320
647
1436
562
1184
1334
517
1784
1900
2014
2020
1950
2117
2120
9
2209
1917
7
1936
101
964
903
2469
551
890
1026
2212
1694
2576
463
1988
1973
2136
950
1978
1806
2034
2166
1451
756
1911
2265
848
1807
2125
1003
889
2357
816
2015
903
1748
1782
593
1151
1480
1704
546
2227
775
2087
798
1992
91
1722
2203
119
1636
1642
537
1916
2196
1355
652
1471
552
798
2115
1658
2276
1763
2092
2219
987
2108
2105
1150
812
818
1483
542
1372
500
1694
515
1459
484
2731
2375
954
1421
649
1871
93
1324
459
2127
976
2068
1031
1720
1707
422
1068
1314
516
1750
379
1495
430
2164
849
893
1542
657
1311
713
1786
96
1482
417
1946
1922
2028
2232
1925
72
937
2137
1372
342
1798
429
1537
363
2345
1696
2044
1159
2042
848
1714
1965
2112
6
2004
69
1294
928
897
1906
918
1403
1487
1256
2089
1908
2027
860
2101
1804
1284
1890
2021
1206
792
1440
286
2091
994
1135
1229
730
2024
4
1112
1690
1084
1560
655
1355
440
1524
1060
780
1227
539
840
1033
1498
862
1267
799
428
1185
1623
221
1118
1022
866
2277
752
1058
966
2128
901
2039
4
1894
1956
1289
1821
46
1477
495
1872
1681
970
495
2390
686
1000
1861
2972
49
1954
1943
53
1998
1188
2126
1072
782
1166
949
906
1052
926
894
2320
873
1020
1701
48
1281
1211
573
1937
47
1950
47
1863
48
1635
815
946
1251
365
2166
953
1036
958
941
1074
983
2139
1683
4
1167
1823
1182
2030
1854
1913
1633
461
2497
919
902
1588
1362
1909
1985
975
2191
1724
2268
720
1490
755
1182
856
1148
609
2158
1814
1950
65
2143
1820
81
1237
1067
904
952
984
1265
688
1022
916
1116
1050
1854
965
953
1067
888
2000
1618
291
1718
348
1967
5
1998
1108
2000
1881
2079
2998
5
1608
362
1280
945
1198
860
1306
344
2160
1189
733
2559
584
1991
1727
2337
1651
66
1433
946
1202
683
1284
614
1519
407
1888
2691
301
2079
80
1617
322
1694
370
1857
2136
75
1846
5
1897
2073
35
1009
1083
2101
1813
1083
938
1675
360
2219
1895
1931
1400
575
1507
416
2099
1893
1878
2044
5
