12 38
37 39
61 58
85 42
110 27
134 16
159 7
183 13
207 10
232 14
256 11
281 13
305 19
329 18
354 20
378 23
403 28
427 30
452 26
476 25
500 28
525 40
549 32
574 46
598 33
622 31
647 49
671 57
696 49
720 48
744 47
769 36
793 35
818 51
842 44
866 73
891 60
915 74
940 96
964 124
988 123
1013 87
1037 95
1062 77
1086 84
1111 65
1135 63
1159 61
1184 47
1208 55
1233 56
1257 70
1281 52
1306 57
1330 41
1355 34
1379 38
1403 36
1428 43
1452 37
1477 43
1501 41
1525 38
1550 40
1574 33
1599 45
1623 37
1647 41
1672 38
1696 32
1721 26
1745 31
1770 41
1794 42
1818 32
1843 42
1867 51
1892 39
1916 51
1940 57
1965 47
1989 43
2014 40
2038 49
2062 29
2087 32
2111 27
2136 30
2160 26
2184 31
2209 21
2233 19
2258 22
2282 21
2306 20
2331 19
2355 21
2380 17
2404 22
2429 15
2453 17
2477 12
2502 10
2526 8
2551 9
2575 12
2599 15
2624 8
2648 8
2673 8
2697 10
2721 9
2746 9
2770 13
2795 12
2819 14
2843 10
2868 15
2892 12
2917 14
2941 13
2965 21
2990 16
3014 11
3039 12
3063 10
3088 17
3112 5
3136 11
3161 5
3185 5
3210 6
3234 9
3258 2
3283 9
3307 4
3332 6
3356 10
3380 9
3405 8
3429 0
3454 6
3478 5
3502 9
3527 4
3551 4
3576 1
3600 7
3624 6
3649 6
3673 6
3698 4
3722 4
3747 6
3771 5
3795 5
3820 5
3844 7
3869 8
3893 8
3917 4
3942 6
3966 6
3991 4
4015 5
4039 5
4064 8
4088 2
4113 3
4137 3
4161 1
4186 5
4210 2
4235 3
4259 1
4283 1
4308 0
4332 3
4357 3
4381 4
4406 1
4430 1
4454 3
4479 2
4503 2
4528 2
4552 1
4576 2
4601 5
4625 0
4650 4
4674 0
4698 0
4723 0
4747 2
4772 4
4796 4
4820 2
4845 1
4869 1
4894 3
4918 4
4942 5
4967 3
4991 1
5016 3
5040 3
5065 3
5089 1
5113 1
5138 2
5162 2
5187 1
5211 2
5235 1
5260 1
5284 2
5309 3
5333 1
5357 1
5382 1
5406 3
5431 1
5455 0
5479 2
5504 0
5528 1
5553 3
5577 4
5601 2
5626 3
5650 2
5675 1
5699 2
5724 1
5748 0
5772 0
5797 1
5821 1
5846 1
5870 0
5894 0
5919 2
5943 2
5968 0
5992 1
6016 1
6041 3
6065 0
6090 2
6114 3
6138 4
6163 0
6187 1
6212 1
6236 0
6260 1
6285 2
6309 0
6334 2
6358 1
6383 1
6407 3
6431 2
6456 4
6480 2
6505 1
6529 1
6553 0
6578 0
6602 1
6627 1
6651 1
6675 0
6700 2
6724 2
6749 1
6773 1
6797 1
6822 0
6846 0
6871 2
6895 0
6919 0
6944 0
6968 1
6993 1
7017 1
7042 1
7066 0
7090 1
7115 0
7139 0
7164 0
7188 2
7212 0
7237 3
7261 2
7286 1
7310 2
7334 0
7359 0
7383 1
7408 1
7432 0
7456 0
7481 2
7505 0
7530 0
7554 1
7578 0
7603 2
7627 0
7652 0
7676 1
7701 0
7725 1
7749 0
7774 0
7798 0
7823 0
7847 1
7871 1
7896 0
7920 0
7945 0
7969 1
7993 0
8018 0
8042 0
8067 0
8091 1
8115 1
8140 2
8164 1
8189 0
8213 1
8237 1
8262 0
8286 1
8311 0
8335 0
8360 0
8384 0
8408 0
8433 0
8457 0
8482 0
8506 0
8530 1
8555 2
8579 1
8604 0
8628 3
8652 0
8677 0
8701 0
8726 1
8750 0
8774 0
8799 1
8823 0
8848 0
8872 2
8896 1
8921 1
8945 0
8970 0
8994 0
9019 1
9043 0
9067 0
9092 0
9116 0
9141 0
9165 0
9189 1
9214 0
9238 0
9263 0
9287 0
9311 0
9336 0
9360 0
9385 0
9409 0
9433 0
9458 0
9482 0
9507 0
9531 0
9555 0
9580 0
9604 0
9629 0
9653 0
9678 1
9702 0
9726 0
9751 1
9775 1
9800 0
9824 0
9848 1
9873 0
9897 1
9922 0
9946 1
9970 0
9995 0
10019 0
10044 0
10068 1
10092 0
10117 0
10141 0
10166 0
10190 0
10214 1
10239 1
10263 0
10288 1
10312 0
10337 0
10361 0
10385 0
10410 1
10434 0
10459 0
10483 0
10507 0
10532 0
10556 2
10581 0
10605 0
10629 1
10654 1
10678 2
10703 0
10727 1
10751 0
10776 0
10800 0
10825 0
10849 0
10873 0
10898 1
10922 1
10947 1
10971 1
10996 0
11020 0
11044 0
11069 0
11093 0
11118 0
11142 1
11166 0
11191 0
11215 0
11240 0
11264 1
11288 0
11313 1
11337 0
11362 0
11386 0
11410 0
11435 0
11459 0
11484 1
11508 0
11532 1
11557 0
11581 0
11606 0
11630 0
11655 0
11679 1
11703 1
11728 0
11752 0
11777 0
11801 1
11825 1
11850 0
11874 0
11899 0
11923 0
11947 0
11972 1
11996 0
12021 0
12045 0
12069 1
12094 1
12118 0
12143 1
12167 0
12191 0
12216 0
12240 0
12265 0
12289 0
12314 0
12338 0
12362 0
12387 0
12411 0
12436 0
12460 0
12484 0
12509 0
12533 0
12558 0
12582 0
12606 0
12631 0
12655 0
12680 0
12704 0
12728 0
12753 1
12777 1
12802 0
12826 0
12850 0
12875 0
12899 0
12924 0
12948 0
12973 0
12997 0
13021 0
13046 1
13070 0
13095 0
13119 0
13143 0
13168 1
13192 1
13217 0
13241 0
13265 0
13290 0
13314 0
13339 1
13363 0
13387 0
13412 0
13436 0
13461 0
13485 0
13509 0
13534 0
13558 0
13583 0
13607 0
13632 0
13656 0
13680 0
13705 0
13729 0
13754 0
13778 0
13802 1
13827 0
13851 0
13876 0
13900 0
13924 0
13949 0
13973 0
13998 0
14022 0
14046 0
14071 0
14095 0
14120 0
14144 0
14168 0
14193 0
14217 0
14242 0
14266 0
14291 0
14315 1
14339 1
14364 0
14388 0
14413 0
14437 0
14461 0
14486 0
14510 0
14535 0
14559 0
14583 0
14608 0
14632 0
14657 0
14681 0
14705 0
14730 0
14754 0
14779 0
14803 0
14827 0
14852 0
14876 0
14901 0
14925 0
14950 0
14974 0
14998 0
15023 0
15047 0
15072 0
15096 0
15120 0
15145 0
15169 0
15194 0
15218 1
15242 0
15267 0
15291 0
15316 1
15340 0
15364 0
15389 0
15413 0
15438 0
15462 0
15486 1
15511 0
15535 0
15560 0
15584 0
15609 1
15633 0
15657 0
15682 0
15706 0
15731 0
15755 0
15779 0
15804 0
15828 0
15853 0
15877 0
15901 1
15926 0
15950 0
15975 0
15999 0
16023 0
16048 0
16072 0
16097 0
16121 0
16145 0
16170 0
16194 0
16219 0
16243 0
16268 0
16292 0
16316 1
16341 0
16365 0
16390 0
16414 0
16438 0
16463 0
16487 0
16512 0
16536 0
16560 0
16585 0
16609 0
16634 0
16658 0
16682 0
16707 1
16731 0
16756 0
16780 0
16804 0
16829 0
16853 0
16878 0
16902 1
16927 0
16951 0
16975 0
17000 0
17024 1
17049 0
17073 0
17097 0
17122 0
17146 1
17171 0
17195 0
17219 0
17244 0
17268 0
17293 0
17317 0
17341 0
17366 0
17390 0
17415 0
17439 0
17463 1
17488 0
17512 0
17537 0
17561 0
17586 0
17610 0
17634 0
17659 0
17683 1
17708 0
17732 0
17756 0
17781 0
17805 0
17830 0
17854 0
17878 0
17903 0
17927 0
17952 0
17976 0
18000 1
18025 0
18049 0
18074 0
18098 0
18122 0
18147 0
18171 0
18196 0
18220 1
18245 0
18269 0
18293 0
18318 0
18342 0
18367 0
18391 1
18415 0
18440 0
18464 0
18489 0
18513 0
18537 0
18562 0
18586 0
18611 0
18635 0
18659 0
18684 0
18708 0
18733 1
18757 0
18781 0
18806 0
18830 0
18855 0
18879 0
18904 0
18928 0
18952 0
18977 0
19001 0
19026 0
19050 0
19074 0
19099 0
19123 0
19148 0
19172 1
19196 0
19221 0
19245 1
19270 0
19294 0
19318 0
19343 0
19367 0
19392 0
19416 0
19440 0
19465 0
19489 0
19514 0
19538 0
19563 0
19587 0
19611 0
19636 0
19660 1
19685 0
19709 0
19733 0
19758 0
19782 0
19807 0
19831 0
19855 0
19880 0
19904 0
19929 0
19953 0
19977 0
20002 0
20026 0
20051 0
20075 0
20099 0
20124 0
20148 0
20173 0
20197 1
20222 0
20246 0
20270 0
20295 0
20319 0
20344 0
20368 0
20392 0
20417 0
20441 0
20466 0
20490 0
20514 0
20539 0
20563 1
20588 0
20612 0
20636 0
20661 0
20685 0
20710 0
20734 0
20758 0
20783 0
20807 0
20832 0
20856 0
20881 0
20905 0
20929 0
20954 0
20978 0
21003 0
21027 0
21051 0
21076 0
21100 0
21125 0
21149 0
21173 0
21198 0
21222 0
21247 0
21271 0
21295 0
21320 0
21344 0
21369 0
21393 0
21417 0
21442 0
21466 0
21491 0
21515 1
21540 0
21564 0
21588 1
21613 0
21637 0
21662 0
21686 0
21710 0
21735 0
21759 0
21784 0
21808 0
21832 0
21857 0
21881 0
21906 0
21930 0
21954 0
21979 0
22003 0
22028 0
22052 0
22076 0
22101 0
22125 0
22150 0
22174 0
22199 0
22223 0
22247 0
22272 0
22296 0
22321 0
22345 0
22369 0
22394 0
22418 0
22443 0
22467 0
22491 0
22516 0
22540 0
22565 1
22589 0
22613 0
22638 0
22662 0
22687 0
22711 0
22735 0
22760 0
22784 0
22809 0
22833 0
22858 0
22882 0
22906 0
22931 0
22955 0
22980 0
23004 0
23028 0
23053 0
23077 0
23102 0
23126 0
23150 0
23175 0
23199 0
23224 0
23248 0
23272 0
23297 0
23321 0
23346 0
23370 0
23394 0
23419 0
23443 0
23468 0
23492 0
23517 0
23541 0
23565 0
23590 0
23614 0
23639 0
23663 0
23687 0
23712 0
23736 0
23761 0
23785 0
23809 0
23834 0
23858 0
23883 0
23907 1
23931 0
23956 0
23980 0
24005 0
24029 0
24053 0
24078 0
24102 0
24127 0
24151 0
24176 0
24200 0
24224 0
24249 1
24273 0
24298 1
24322 0
24346 0
24371 0
24395 0
24420 0
24444 0
24468 0
24493 0
24517 0
24542 0
24566 0
24590 0
24615 0
24639 0
24664 0
24688 0
24712 1
24737 0
24761 0
24786 0
24810 0
24835 0
24859 0
24883 0
24908 0
24932 0
24957 0
24981 0
25005 0
25030 0
25054 0
25079 0
25103 0
25127 0
25152 0
25176 0
25201 0
25225 0
25249 0
25274 0
25298 0
25323 0
25347 0
25371 0
25396 0
25420 0
25445 0
25469 0
25494 0
25518 0
25542 0
25567 0
25591 0
25616 0
25640 0
25664 0
25689 0
25713 0
25738 0
25762 0
25786 0
25811 0
25835 0
25860 0
25884 0
25908 0
25933 0
25957 0
25982 0
26006 0
26030 0
26055 0
26079 0
26104 0
26128 0
26153 0
26177 0
26201 0
26226 0
26250 0
26275 0
26299 0
26323 0
26348 0
26372 0
26397 0
26421 0
26445 0
26470 0
26494 0
26519 0
26543 0
26567 0
26592 0
26616 0
26641 0
26665 0
26689 0
26714 0
26738 0
26763 0
26787 0
26812 0
26836 0
26860 0
26885 0
26909 0
26934 0
26958 0
26982 0
27007 0
27031 0
27056 0
27080 0
27104 0
27129 0
27153 0
27178 0
27202 0
27226 0
27251 0
27275 0
27300 0
27324 0
27348 0
27373 0
27397 0
27422 0
27446 0
27471 0
27495 1
27519 0
27544 0
27568 0
27593 0
27617 0
27641 0
27666 0
27690 0
27715 0
27739 0
27763 0
27788 0
27812 0
27837 0
27861 0
27885 0
27910 0
27934 0
27959 0
27983 0
28007 0
28032 0
28056 0
28081 0
28105 0
28130 0
28154 0
28178 0
28203 0
28227 0
28252 0
28276 0
28300 0
28325 0
28349 0
28374 0
28398 0
28422 0
28447 0
28471 0
28496 0
28520 0
28544 0
28569 0
28593 1
28618 0
28642 0
28666 0
28691 0
28715 0
28740 0
28764 0
28789 0
28813 0
28837 0
28862 0
28886 0
28911 0
28935 0
28959 0
28984 0
29008 1
29033 0
29057 0
29081 0
29106 0
29130 0
29155 1
29179 0
29203 0
29228 0
29252 0
29277 0
29301 0
29325 0
29350 0
29374 0
29399 0
29423 0
29448 0
29472 0
29496 0
29521 0
29545 0
29570 0
29594 0
29618 0
29643 0
29667 0
29692 0
29716 0
29740 0
29765 0
29789 0
29814 0
29838 0
29862 0
29887 0
29911 0
29936 0
29960 0
29984 0
30009 0
30033 0
30058 0
30082 0
30107 0
30131 1
30155 0
30180 0
30204 0
30229 0
30253 0
30277 0
30302 0
30326 0
30351 0
30375 0
30399 0
30424 0
30448 0
30473 0
30497 0
30521 0
30546 0
30570 0
30595 0
30619 0
30643 0
30668 0
30692 0
30717 0
30741 0
30766 0
30790 0
30814 0
30839 0
30863 0
30888 0
30912 0
30936 0
30961 0
30985 0
31010 0
31034 0
31058 0
31083 0
31107 0
31132 0
31156 0
31180 0
31205 0
31229 0
31254 0
31278 0
31302 0
31327 0
31351 0
31376 0
31400 0
31425 0
31449 0
31473 0
31498 0
31522 0
31547 0
31571 0
31595 0
31620 0
31644 0
31669 0
31693 0
31717 0
31742 1
31766 0
31791 0
31815 0
31839 0
31864 0
31888 0
31913 0
31937 0
31961 0
31986 0
32010 0
32035 0
32059 0
32084 0
32108 0
32132 0
32157 0
32181 0
32206 0
32230 0
32254 0
32279 0
32303 1
32328 0
32352 0
32376 0
32401 0
32425 0
32450 0
32474 0
32498 0
32523 0
32547 0
32572 0
32596 0
32620 0
32645 0
32669 0
32694 0
32718 0
32743 0
32767 0
32791 0
32816 0
32840 0
32865 0
32889 0
32913 0
32938 0
32962 0
32987 0
33011 0
33035 0
33060 0
33084 0
33109 0
33133 0
33157 0
33182 0
33206 0
33231 0
33255 0
33279 0
33304 0
33328 0
33353 0
33377 0
33402 2
33426 0
33450 0
33475 0
33499 0
33524 0
33548 0
33572 0
33597 0
33621 1
33646 0
33670 0
33694 0
33719 0
33743 0
33768 0
33792 0
33816 0
33841 0
33865 0
33890 0
33914 0
33938 0
33963 0
33987 0
34012 0
34036 0
34061 0
34085 0
34109 0
34134 0
34158 0
34183 0
34207 0
34231 0
34256 0
34280 0
34305 0
34329 0
34353 1
34378 0
34402 0
34427 0
34451 0
34475 0
34500 0
34524 0
34549 0
34573 0
34597 0
34622 0
34646 0
34671 0
34695 0
34720 0
34744 0
34768 0
34793 0
34817 0
34842 0
34866 0
34890 0
34915 0
34939 0
34964 0
34988 0
35012 0
35037 0
35061 0
35086 0
35110 0
35134 0
35159 0
35183 0
35208 0
35232 0
35256 0
35281 0
35305 0
35330 0
35354 0
35379 0
35403 0
35427 0
35452 0
35476 0
35501 0
35525 0
35549 0
35574 0
35598 0
35623 0
35647 1
35671 0
35696 0
35720 0
35745 0
35769 0
35793 0
35818 0
35842 0
35867 0
35891 0
35915 0
35940 1
35964 0
35989 1
36013 0
36038 0
36062 0
36086 0
36111 0
36135 0
36160 1
36184 0
36208 0
36233 0
36257 0
36282 0
36306 0
36330 0
36355 0
36379 0
36404 0
36428 0
36452 0
36477 0
36501 0
36526 0
36550 0
36574 0
36599 0
36623 0
36648 0
36672 0
36697 0
36721 0
36745 0
36770 0
36794 0
36819 0
36843 0
36867 0
36892 0
36916 0
36941 0
36965 0
36989 0
37014 0
37038 1
37063 0
37087 0
37111 0
37136 0
37160 0
37185 0
37209 0
37233 0
37258 0
37282 0
37307 0
37331 0
37356 0
37380 0
37404 0
37429 0
37453 0
37478 0
37502 0
37526 0
37551 0
37575 0
37600 0
37624 0
37648 0
37673 0
37697 0
37722 0
37746 0
37770 0
37795 0
37819 0
37844 0
37868 0
37892 0
37917 0
37941 0
37966 0
37990 0
38015 0
38039 0
38063 0
38088 0
38112 0
38137 0
38161 0
38185 0
38210 0
38234 0
38259 0
38283 0
38307 0
38332 0
38356 0
38381 0
38405 0
38429 0
38454 0
38478 0
38503 0
38527 0
38551 0
38576 0
38600 0
38625 0
38649 0
38674 0
38698 0
38722 0
38747 0
38771 0
38796 0
38820 0
38844 0
38869 0
38893 0
38918 0
38942 0
38966 0
38991 0
39015 0
39040 0
39064 0
39088 0
39113 0
39137 0
39162 0
39186 0
39210 0
39235 0
39259 0
39284 0
39308 0
39333 0
39357 0
39381 0
39406 0
39430 0
39455 0
39479 0
39503 0
39528 0
39552 0
39577 0
39601 0
39625 0
39650 0
39674 0
39699 0
39723 0
39747 0
39772 0
39796 0
39821 0
39845 1
39869 0
39894 0
39918 0
39943 0
39967 0
39992 0
40016 0
40040 0
40065 0
40089 0
40114 1
40138 0
40162 0
40187 0
40211 0
40236 0
40260 0
40284 0
40309 0
40333 0
40358 0
40382 0
40406 0
40431 0
40455 0
40480 0
40504 0
40528 0
40553 0
40577 0
40602 0
40626 0
40651 0
40675 0
40699 0
40724 0
40748 0
40773 0
40797 0
40821 0
40846 0
40870 0
40895 0
40919 0
40943 0
40968 0
40992 0
41017 0
41041 0
41065 0
41090 0
41114 0
41139 0
41163 0
41187 0
41212 0
41236 0
41261 0
41285 0
41310 0
41334 0
41358 0
41383 0
41407 0
41432 0
41456 0
41480 0
41505 0
41529 0
41554 0
41578 0
41602 0
41627 0
41651 0
41676 0
41700 0
41724 0
41749 0
41773 0
41798 0
41822 0
41846 0
41871 0
41895 0
41920 0
41944 0
41969 0
41993 0
42017 0
42042 0
42066 0
42091 0
42115 0
42139 0
42164 0
42188 0
42213 0
42237 0
42261 0
42286 0
42310 0
42335 0
42359 0
42383 0
42408 0
42432 0
42457 0
42481 0
42505 0
42530 0
42554 0
42579 0
42603 0
42628 0
42652 0
42676 0
42701 0
42725 0
42750 0
42774 0
42798 0
42823 0
42847 0
42872 0
42896 0
42920 0
42945 0
42969 0
42994 0
43018 0
43042 0
43067 0
43091 0
43116 0
43140 0
43164 0
43189 0
43213 0
43238 0
43262 0
43287 1
43311 0
43335 0
43360 0
43384 0
43409 0
43433 0
43457 0
43482 0
43506 0
43531 0
43555 0
43579 0
43604 0
43628 0
43653 0
43677 0
43701 0
43726 0
43750 0
43775 0
43799 0
43823 0
43848 0
43872 0
43897 0
43921 0
43946 0
43970 0
43994 0
44019 0
44043 0
44068 0
44092 0
44116 0
44141 0
44165 0
44190 0
44214 0
44238 0
44263 0
44287 0
44312 0
44336 0
44360 0
44385 0
44409 0
44434 0
44458 0
44482 0
44507 0
44531 0
44556 0
44580 0
44605 0
44629 0
44653 0
44678 0
44702 0
44727 0
44751 0
44775 0
44800 0
44824 0
44849 0
44873 0
44897 0
44922 0
44946 0
44971 0
44995 0
45019 0
45044 0
45068 1
45093 0
45117 0
45141 0
45166 0
45190 0
45215 0
45239 0
45264 0
45288 0
45312 0
45337 0
45361 0
45386 0
45410 0
45434 0
45459 0
45483 0
45508 0
45532 0
45556 0
45581 0
45605 0
45630 0
45654 0
45678 0
45703 0
45727 0
45752 0
45776 0
45800 0
45825 0
45849 0
45874 0
45898 0
45923 0
45947 0
45971 0
45996 0
46020 0
46045 0
46069 0
46093 0
46118 0
46142 0
46167 0
46191 0
46215 0
46240 0
46264 0
46289 0
46313 0
46337 0
46362 0
46386 0
46411 0
46435 0
46459 0
46484 0
46508 0
46533 0
46557 0
46582 0
46606 0
46630 0
46655 0
46679 0
46704 0
46728 0
46752 0
46777 0
46801 0
46826 0
46850 0
46874 0
46899 0
46923 0
46948 0
46972 0
46996 0
47021 0
47045 0
47070 0
47094 0
47118 0
47143 0
47167 0
47192 0
47216 0
47241 0
47265 0
47289 0
47314 0
47338 0
47363 0
47387 0
47411 0
47436 0
47460 0
47485 0
47509 0
47533 0
47558 0
47582 0
47607 0
47631 0
47655 0
47680 0
47704 0
47729 0
47753 0
47777 0
47802 0
47826 0
47851 0
47875 0
47900 0
47924 0
47948 0
47973 0
47997 0
48022 0
48046 0
48070 0
48095 0
48119 0
48144 0
48168 0
48192 0
48217 0
48241 0
48266 0
48290 0
48314 0
48339 0
48363 0
48388 0
48412 0
48436 0
48461 0
48485 0
48510 0
48534 0
48559 0
48583 0
48607 0
48632 0
48656 0
48681 0
48705 0
48729 0
48754 0
48778 0
48803 0
48827 0
48851 0
48876 0
48900 0
48925 0
48949 0
48973 0
48998 0
49022 0
49047 0
49071 0
49095 0
49120 0
49144 0
49169 0
49193 0
49218 0
49242 0
49266 0
49291 0
49315 0
49340 0
49364 0
49388 0
49413 0
49437 0
49462 0
49486 0
49510 0
49535 0
49559 0
49584 0
49608 0
49632 0
49657 0
49681 0
49706 0
49730 0
49754 0
49779 0
49803 0
49828 0
49852 0
49877 0
49901 0
49925 0
49950 0
49974 0
49999 0
50023 0
50047 0
50072 0
50096 0
50121 0
50145 0
50169 0
50194 0
50218 0
50243 0
50267 0
50291 0
50316 0
50340 0
50365 0
50389 0
50413 0
50438 0
50462 0
50487 0
50511 0
50536 0
50560 0
50584 0
50609 0
50633 0
50658 0
50682 0
50706 0
50731 0
50755 0
50780 0
50804 0
50828 0
50853 0
50877 0
50902 0
50926 0
50950 0
50975 0
50999 0
51024 0
51048 0
51072 0
51097 0
51121 0
51146 0
51170 0
51195 0
51219 0
51243 0
51268 0
51292 0
51317 0
51341 0
51365 0
51390 0
51414 0
51439 0
51463 0
51487 0
51512 0
51536 0
51561 0
51585 0
51609 0
51634 0
51658 0
51683 0
51707 0
51731 0
51756 0
51780 0
51805 0
51829 0
51854 0
51878 0
51902 0
51927 0
51951 0
51976 0
52000 0
52024 0
52049 0
52073 0
52098 0
52122 0
52146 0
52171 0
52195 0
52220 0
52244 0
52268 0
52293 0
52317 0
52342 0
52366 0
52390 0
52415 0
52439 0
52464 0
52488 0
52513 0
52537 0
52561 0
52586 0
52610 0
52635 0
52659 0
52683 0
52708 0
52732 0
52757 0
52781 0
52805 0
52830 0
52854 0
52879 0
52903 0
52927 0
52952 0
52976 0
53001 0
53025 0
53049 0
53074 0
53098 0
53123 0
53147 0
53172 0
53196 0
53220 0
53245 0
53269 0
53294 0
53318 0
53342 0
53367 0
53391 0
53416 0
53440 0
53464 1
53489 0
53513 0
53538 0
53562 0
53586 0
53611 0
53635 0
53660 0
53684 0
53708 0
53733 0
53757 0
53782 0
53806 0
53831 0
53855 0
53879 0
53904 0
53928 0
53953 0
53977 0
54001 0
54026 0
54050 0
54075 0
54099 0
54123 0
54148 0
54172 0
54197 0
54221 0
54245 0
54270 0
54294 0
54319 0
54343 0
54367 0
54392 0
54416 0
54441 0
54465 0
54490 0
54514 0
54538 0
54563 0
54587 0
54612 0
54636 0
54660 1
54685 0
54709 0
54734 0
54758 0
54782 0
54807 0
54831 0
54856 0
54880 0
54904 0
54929 0
54953 0
54978 0
55002 0
55026 0
55051 0
55075 0
55100 0
55124 0
55149 0
55173 0
55197 0
55222 0
55246 0
55271 0
55295 0
55319 0
55344 0
55368 0
55393 0
55417 0
55441 0
55466 0
55490 0
55515 0
55539 0
55563 0
55588 0
55612 0
55637 0
55661 0
55685 0
55710 0
55734 0
55759 0
55783 0
55808 0
55832 0
55856 0
55881 0
55905 0
55930 0
55954 0
55978 0
56003 0
56027 0
56052 0
56076 0
56100 0
56125 0
56149 0
56174 0
56198 0
56222 0
56247 0
56271 0
56296 0
56320 0
56344 0
56369 0
56393 0
56418 0
56442 0
56467 0
56491 0
56515 0
56540 0
56564 0
56589 0
56613 0
56637 0
56662 0
56686 0
56711 0
56735 0
56759 0
56784 0
56808 0
56833 0
56857 0
56881 0
56906 0
56930 0
56955 0
56979 0
57003 0
57028 0
57052 0
57077 0
57101 0
57126 0
57150 0
57174 0
57199 0
57223 0
57248 0
57272 0
57296 0
57321 0
57345 0
57370 0
57394 0
57418 0
57443 0
57467 0
57492 0
57516 0
57540 0
57565 0
57589 0
57614 0
57638 0
57662 0
57687 0
57711 0
57736 0
57760 0
57785 0
57809 0
57833 0
57858 0
57882 0
57907 0
57931 0
57955 0
57980 0
58004 0
58029 0
58053 0
58077 0
58102 0
58126 0
58151 0
58175 0
58199 0
58224 0
58248 0
58273 0
58297 0
58321 0
58346 0
58370 0
58395 0
58419 0
58444 0
58468 0
58492 0
58517 0
58541 0
58566 0
58590 0
58614 0
58639 0
58663 0
58688 0
58712 0
58736 0
58761 0
58785 0
58810 0
58834 0
58858 0
58883 0
58907 0
58932 0
58956 0
58980 0
59005 0
59029 0
59054 0
59078 0
59103 0
59127 0
59151 0
59176 0
59200 0
59225 0
59249 0
59273 0
59298 0
59322 0
59347 0
59371 0
59395 0
59420 0
59444 0
59469 0
59493 0
59517 0
59542 0
59566 0
59591 0
59615 0
59639 0
59664 0
59688 0
59713 0
59737 0
59762 0
59786 0
59810 0
59835 0
59859 0
59884 0
59908 0
59932 0
59957 0
59981 0
60006 0
60030 0
60054 0
60079 0
60103 0
60128 0
60152 0
60176 0
60201 0
60225 0
60250 0
60274 0
60298 0
60323 0
60347 1
60372 0
60396 0
60421 0
60445 0
60469 0
60494 0
60518 0
60543 0
60567 0
60591 0
60616 0
60640 0
60665 0
60689 0
60713 0
60738 0
60762 0
60787 0
60811 0
60835 0
60860 0
60884 0
60909 0
60933 0
60957 0
60982 0
61006 0
61031 0
61055 0
61080 0
61104 0
61128 0
61153 0
61177 0
61202 0
61226 0
61250 0
61275 0
61299 0
61324 0
61348 0
61372 0
61397 0
61421 0
61446 0
61470 0
61494 0
61519 0
61543 0
61568 0
61592 0
61616 0
61641 0
61665 0
61690 0
61714 0
61739 0
61763 0
61787 0
61812 0
61836 0
61861 0
61885 0
61909 0
61934 0
61958 0
61983 0
62007 0
62031 0
62056 0
62080 0
62105 0
62129 0
62153 0
62178 1
62202 0
62227 0
62251 0
62275 0
62300 0
62324 0
62349 0
62373 0
62398 0
62422 0
62446 0
62471 0
62495 0
62520 0
62544 0
62568 0
62593 0
62617 0
62642 0
62666 0
62690 0
62715 0
62739 0
62764 0
62788 0
62812 0
62837 0
62861 0
62886 0
62910 0
62934 0
62959 0
62983 0
63008 0
63032 0
63057 0
63081 0
63105 0
63130 0
63154 0
63179 0
63203 0
63227 0
63252 0
63276 0
63301 0
63325 0
63349 0
63374 0
63398 0
63423 0
63447 0
63471 0
63496 0
63520 0
63545 0
63569 0
63593 0
63618 0
63642 0
63667 0
63691 0
63716 0
63740 0
63764 0
63789 0
63813 0
63838 0
63862 0
63886 0
63911 0
63935 0
63960 0
63984 0
64008 0
64033 0
64057 0
64082 0
64106 0
64130 0
64155 0
64179 0
64204 0
64228 0
64252 0
64277 0
64301 0
64326 0
64350 0
64375 0
64399 0
64423 0
64448 0
64472 0
64497 0
64521 0
64545 0
64570 0
64594 0
64619 0
64643 0
64667 0
64692 0
64716 0
64741 0
64765 0
64789 0
64814 0
64838 0
64863 0
64887 0
64911 0
64936 0
64960 0
64985 0
65009 0
65034 0
65058 0
65082 0
65107 0
65131 0
65156 0
65180 0
65204 0
65229 0
65253 0
65278 0
65302 0
65326 0
65351 0
65375 0
65400 0
65424 0
65448 0
65473 0
65497 0
65522 0
65546 0
65570 0
65595 0
65619 0
65644 0
65668 0
65693 0
65717 0
65741 0
65766 0
65790 0
65815 0
65839 0
65863 0
65888 0
65912 0
65937 0
65961 0
65985 0
66010 0
66034 0
66059 0
66083 0
66107 0
66132 0
66156 0
66181 0
66205 0
66229 0
66254 0
66278 0
66303 0
66327 0
66352 0
66376 0
66400 0
66425 0
66449 0
66474 0
66498 0
66522 0
66547 0
66571 0
66596 0
66620 0
66644 0
66669 0
66693 0
66718 0
66742 0
66766 0
66791 0
66815 0
66840 0
66864 0
66888 0
66913 0
66937 0
66962 0
66986 0
67011 0
67035 0
67059 0
67084 0
67108 0
67133 0
67157 0
67181 0
67206 0
67230 0
67255 0
67279 0
67303 0
67328 0
67352 0
67377 0
67401 0
67425 0
67450 0
67474 0
67499 0
67523 0
67547 0
67572 0
67596 0
67621 0
67645 0
67670 0
67694 0
67718 0
67743 0
67767 0
67792 0
67816 0
67840 0
67865 0
67889 0
67914 0
67938 0
67962 0
67987 0
68011 0
68036 0
68060 0
68084 0
68109 0
68133 0
68158 0
68182 0
68206 0
68231 0
68255 0
68280 0
68304 0
68329 0
68353 0
68377 0
68402 0
68426 0
68451 0
68475 0
68499 0
68524 0
68548 0
68573 0
68597 0
68621 0
68646 0
68670 0
68695 0
68719 0
68743 0
68768 0
68792 0
68817 0
68841 0
68865 0
68890 0
68914 0
68939 0
68963 0
68988 0
69012 0
69036 0
69061 0
69085 0
69110 0
69134 0
69158 0
69183 0
69207 0
69232 0
69256 0
69280 0
69305 0
69329 0
69354 0
69378 0
69402 0
69427 0
69451 0
69476 0
69500 0
69524 0
69549 0
69573 0
69598 0
69622 0
69647 0
69671 0
69695 0
69720 0
69744 0
69769 0
69793 0
69817 0
69842 0
69866 0
69891 0
69915 0
69939 0
69964 0
69988 0
70013 0
70037 0
70061 0
70086 0
70110 0
70135 0
70159 0
70183 0
70208 0
70232 0
70257 0
70281 0
70306 0
70330 0
70354 0
70379 0
70403 0
70428 0
70452 0
70476 0
70501 0
70525 0
70550 0
70574 0
70598 0
70623 0
70647 0
70672 0
70696 0
70720 0
70745 0
70769 0
70794 0
70818 0
70842 0
70867 0
70891 0
70916 0
70940 0
70965 0
70989 0
71013 0
71038 0
71062 0
71087 0
71111 0
71135 0
71160 0
71184 0
71209 0
71233 0
71257 0
71282 0
71306 0
71331 0
71355 0
71379 0
71404 0
71428 0
71453 0
71477 0
71501 0
71526 0
71550 0
71575 0
71599 0
71624 0
71648 0
71672 0
71697 0
71721 0
71746 0
71770 0
71794 0
71819 0
71843 0
71868 0
71892 0
71916 0
71941 0
71965 0
71990 0
72014 0
72038 0
72063 0
72087 0
72112 0
72136 0
72160 0
72185 0
72209 0
72234 0
72258 0
72283 0
72307 0
72331 0
72356 0
72380 0
72405 0
72429 0
72453 0
72478 0
72502 0
72527 0
72551 0
72575 0
72600 0
72624 0
72649 0
72673 0
72697 0
72722 0
72746 0
72771 0
72795 0
72819 0
72844 0
72868 0
72893 0
72917 0
72942 0
72966 0
72990 0
73015 0
73039 0
73064 0
73088 0
73112 0
73137 0
73161 0
73186 0
73210 0
73234 0
73259 0
73283 0
73308 0
73332 0
73356 0
73381 0
73405 0
73430 0
73454 0
73478 0
73503 0
73527 0
73552 0
73576 0
73601 0
73625 0
73649 0
73674 0
73698 0
73723 0
73747 0
73771 0
73796 0
73820 0
73845 0
73869 0
73893 0
73918 0
73942 0
73967 0
73991 0
74015 0
74040 0
74064 0
74089 0
74113 0
74137 0
74162 0
74186 0
74211 0
74235 0
74260 0
74284 0
74308 0
74333 0
74357 0
74382 0
74406 0
74430 0
74455 0
74479 0
74504 0
74528 0
74552 0
74577 0
74601 0
74626 0
74650 0
74674 0
74699 0
74723 0
74748 0
74772 0
74796 0
74821 0
74845 0
74870 0
74894 0
74919 0
74943 0
74967 0
74992 0
75016 0
75041 0
75065 0
75089 0
75114 0
75138 0
75163 0
75187 0
75211 0
75236 0
75260 0
75285 0
75309 0
75333 0
75358 0
75382 0
75407 0
75431 0
75455 0
75480 0
75504 0
75529 0
75553 0
75578 0
75602 0
75626 0
75651 0
75675 0
75700 0
75724 0
75748 0
75773 0
75797 0
75822 0
75846 0
75870 0
75895 0
75919 0
75944 0
75968 0
75992 0
76017 0
76041 0
76066 0
76090 0
76114 0
76139 0
76163 0
76188 0
76212 0
76237 0
76261 0
76285 0
76310 0
76334 0
76359 0
76383 0
76407 0
76432 0
76456 0
76481 0
76505 0
76529 0
76554 0
76578 0
76603 0
76627 0
76651 0
76676 0
76700 0
76725 0
76749 0
76773 0
76798 0
76822 0
76847 0
76871 0
76896 0
76920 0
76944 0
76969 0
76993 0
77018 0
77042 0
77066 0
77091 0
77115 0
77140 0
77164 0
77188 0
77213 0
77237 0
77262 0
77286 0
77310 0
77335 0
77359 0
77384 0
77408 0
77432 0
77457 0
77481 0
77506 0
77530 0
77555 0
77579 0
77603 0
77628 0
77652 0
77677 0
77701 0
77725 0
77750 0
77774 0
77799 0
77823 0
77847 0
77872 0
77896 0
77921 0
77945 0
77969 0
77994 0
78018 0
78043 0
78067 0
78091 0
78116 0
78140 0
78165 0
78189 0
78214 0
78238 0
78262 0
78287 0
78311 0
78336 0
78360 0
78384 0
78409 0
78433 0
78458 0
78482 0
78506 0
78531 0
78555 0
78580 0
78604 0
78628 0
78653 0
78677 0
78702 0
78726 0
78750 0
78775 0
78799 0
78824 0
78848 0
78873 0
78897 0
78921 0
78946 0
78970 0
78995 0
79019 0
79043 0
79068 0
79092 0
79117 0
79141 0
79165 0
79190 0
79214 0
79239 0
79263 0
79287 0
79312 0
79336 0
79361 0
79385 0
79409 0
79434 0
79458 0
79483 0
79507 0
79532 0
79556 0
79580 0
79605 0
79629 0
79654 0
79678 0
79702 0
79727 0
79751 0
79776 0
79800 0
79824 0
79849 0
79873 0
79898 0
79922 0
79946 0
79971 0
79995 0
80020 0
80044 0
80068 0
80093 0
80117 0
80142 0
80166 0
80191 0
80215 0
80239 0
80264 0
80288 0
80313 0
80337 0
80361 0
80386 0
80410 0
80435 0
80459 0
80483 0
80508 0
80532 0
80557 0
80581 0
80605 0
80630 0
80654 0
80679 0
80703 0
80727 0
80752 0
80776 0
80801 0
80825 0
80850 0
80874 0
80898 0
80923 0
80947 0
80972 0
80996 0
81020 0
81045 0
81069 0
81094 0
81118 0
81142 0
81167 0
81191 0
81216 0
81240 0
81264 0
81289 0
81313 0
81338 0
81362 0
81386 0
81411 0
81435 0
81460 0
81484 0
81509 0
81533 0
81557 0
81582 0
81606 0
81631 0
81655 0
81679 0
81704 0
81728 0
81753 0
81777 0
81801 0
81826 0
81850 0
81875 0
81899 0
81923 0
81948 0
81972 0
81997 0
82021 0
82045 0
82070 0
82094 0
82119 0
82143 0
82168 0
82192 0
82216 0
82241 0
82265 0
82290 0
82314 0
82338 0
82363 0
82387 0
82412 0
82436 0
82460 0
82485 0
82509 0
82534 0
82558 0
82582 0
82607 0
82631 0
82656 0
82680 0
82704 0
82729 0
82753 0
82778 0
82802 0
82827 0
82851 0
82875 0
82900 0
82924 0
82949 0
82973 0
82997 0
83022 0
83046 0
83071 0
83095 0
83119 0
83144 0
83168 0
83193 0
83217 0
83241 0
83266 0
83290 0
83315 0
83339 0
83363 0
83388 0
83412 0
83437 0
83461 0
83486 0
83510 0
83534 0
83559 0
83583 0
83608 0
83632 0
83656 0
83681 0
83705 0
83730 0
83754 0
83778 0
83803 0
83827 0
83852 0
83876 0
83900 0
83925 0
83949 0
83974 0
83998 0
84022 0
84047 0
84071 0
84096 0
84120 0
84145 0
84169 0
84193 0
84218 0
84242 0
84267 0
84291 0
84315 0
84340 0
84364 0
84389 0
84413 0
84437 0
84462 0
84486 0
84511 0
84535 0
84559 0
84584 0
84608 0
84633 0
84657 0
84681 0
84706 0
84730 0
84755 0
84779 0
84804 0
84828 0
84852 0
84877 0
84901 0
84926 0
84950 0
84974 0
84999 0
85023 0
85048 0
85072 0
85096 0
85121 0
85145 0
85170 0
85194 0
85218 0
85243 0
85267 0
85292 0
85316 0
85340 0
85365 0
85389 0
85414 0
85438 0
85463 0
85487 0
85511 0
85536 0
85560 0
85585 0
85609 0
85633 0
85658 0
85682 0
85707 0
85731 0
85755 0
85780 0
85804 0
85829 0
85853 0
85877 0
85902 0
85926 0
85951 0
85975 0
85999 0
86024 0
86048 0
86073 0
86097 0
86122 0
86146 0
86170 0
86195 0
86219 0
86244 0
86268 0
86292 0
86317 0
86341 0
86366 0
86390 0
86414 0
86439 0
86463 0
86488 0
86512 0
86536 0
86561 0
86585 0
86610 0
86634 0
86658 0
86683 0
86707 0
86732 0
86756 0
86781 0
86805 0
86829 0
86854 0
86878 0
86903 0
86927 0
86951 0
86976 0
87000 0
87025 0
87049 0
87073 0
87098 0
87122 0
87147 0
87171 0
87195 0
87220 0
87244 0
87269 0
87293 0
87317 0
87342 0
87366 0
87391 0
87415 0
87440 0
87464 0
87488 0
87513 0
87537 0
87562 0
87586 0
87610 0
87635 0
87659 0
87684 0
87708 0
87732 0
87757 0
87781 0
87806 0
87830 0
87854 0
87879 0
87903 0
87928 0
87952 0
87976 0
88001 0
88025 0
88050 0
88074 0
88099 0
88123 0
88147 0
88172 0
88196 0
88221 0
88245 0
88269 0
88294 0
88318 0
88343 0
88367 0
88391 0
88416 0
88440 0
88465 0
88489 0
88513 0
88538 0
88562 0
88587 0
88611 0
88635 0
88660 0
88684 0
88709 0
88733 0
88758 0
88782 0
88806 0
88831 0
88855 0
88880 0
88904 0
88928 0
88953 0
88977 0
89002 0
89026 0
89050 0
89075 0
89099 0
89124 0
89148 0
89172 0
89197 0
89221 0
89246 0
89270 0
89294 0
89319 0
89343 0
89368 0
89392 0
89417 0
89441 0
89465 0
89490 0
89514 0
89539 0
89563 0
89587 0
89612 0
89636 0
89661 0
89685 0
89709 0
89734 0
89758 0
89783 0
89807 0
89831 0
89856 0
89880 0
89905 0
89929 0
89953 0
89978 0
90002 0
90027 0
90051 0
90076 0
90100 0
90124 0
90149 0
90173 0
90198 0
90222 0
90246 0
90271 0
90295 0
90320 0
90344 0
90368 0
90393 0
90417 0
90442 0
90466 0
90490 0
90515 0
90539 0
90564 0
90588 0
90612 0
90637 0
90661 0
90686 1
90710 0
90735 0
90759 0
90783 0
90808 0
90832 0
90857 0
90881 0
90905 0
90930 0
90954 0
90979 0
91003 0
91027 0
91052 0
91076 0
91101 0
91125 0
91149 0
91174 0
91198 0
91223 0
91247 0
91271 0
91296 0
91320 0
91345 0
91369 0
91394 0
91418 0
91442 0
91467 0
91491 0
91516 0
91540 0
91564 0
91589 0
91613 0
91638 0
91662 0
91686 0
91711 0
91735 0
91760 0
91784 0
91808 0
91833 0
91857 0
91882 0
91906 0
91930 0
91955 0
91979 0
92004 0
92028 0
92053 0
92077 0
92101 0
92126 0
92150 0
92175 0
92199 0
92223 0
92248 0
92272 0
92297 0
92321 0
92345 0
92370 0
92394 0
92419 0
92443 0
92467 0
92492 0
92516 0
92541 0
92565 0
92589 0
92614 0
92638 0
92663 0
92687 0
92712 0
92736 0
92760 0
92785 0
92809 0
92834 0
92858 0
92882 0
92907 0
92931 0
92956 0
92980 0
93004 0
93029 0
93053 0
93078 0
93102 0
93126 0
93151 0
93175 0
93200 0
93224 0
93248 0
93273 0
93297 0
93322 0
93346 0
93371 0
93395 0
93419 0
93444 0
93468 0
93493 0
93517 0
93541 0
93566 0
93590 0
93615 0
93639 0
93663 0
93688 0
93712 0
93737 0
93761 0
93785 0
93810 0
93834 0
93859 0
93883 0
93907 0
93932 0
93956 0
93981 0
94005 0
94030 0
94054 0
94078 0
94103 0
94127 0
94152 0
94176 0
94200 0
94225 0
94249 0
94274 0
94298 0
94322 0
94347 0
94371 0
94396 0
94420 0
94444 0
94469 0
94493 0
94518 0
94542 0
94566 0
94591 0
94615 0
94640 0
94664 0
94689 0
94713 0
94737 0
94762 0
94786 0
94811 0
94835 0
94859 0
94884 0
94908 0
94933 0
94957 0
94981 0
95006 0
95030 0
95055 0
95079 0
95103 0
95128 0
95152 0
95177 0
95201 0
95225 0
95250 0
95274 0
95299 0
95323 0
95348 0
95372 0
95396 0
95421 0
95445 0
95470 0
95494 0
95518 0
95543 0
95567 0
95592 0
95616 0
95640 0
95665 0
95689 0
95714 0
95738 0
95762 0
95787 0
95811 0
95836 0
95860 0
95884 0
95909 0
95933 0
95958 0
95982 0
96007 0
96031 0
96055 0
96080 0
96104 0
96129 0
96153 0
96177 0
96202 0
96226 0
96251 0
96275 0
96299 0
96324 0
96348 0
96373 0
96397 0
96421 0
96446 0
96470 0
96495 0
96519 0
96543 0
96568 0
96592 0
96617 0
96641 0
96666 0
96690 0
96714 0
96739 0
96763 0
96788 0
96812 0
96836 0
96861 0
96885 0
96910 0
96934 0
96958 0
96983 0
97007 0
97032 0
97056 0
97080 0
97105 0
97129 0
97154 0
97178 0
97202 0
97227 0
97251 0
97276 0
97300 0
97325 0
97349 0
97373 0
97398 0
97422 0
97447 0
97471 0
97495 0
97520 0
97544 0
97569 0
97593 0
97617 0
97642 0
97666 0
97691 0
97715 0
97739 0
97764 0
97788 0
97813 0
97837 0
97861 0
97886 0
97910 0
97935 0
97959 0
97984 0
98008 0
98032 0
98057 0
98081 0
98106 0
98130 0
98154 0
98179 0
98203 0
98228 0
98252 0
98276 0
98301 0
98325 0
98350 0
98374 0
98398 0
98423 0
98447 0
98472 0
98496 0
98520 0
98545 0
98569 0
98594 0
98618 0
98643 0
98667 0
98691 0
98716 0
98740 0
98765 0
98789 0
98813 0
98838 0
98862 0
98887 0
98911 0
98935 0
98960 0
98984 0
99009 0
99033 0
99057 0
99082 0
99106 0
99131 0
99155 0
99179 0
99204 0
99228 0
99253 0
99277 0
99302 0
99326 0
99350 0
99375 0
99399 0
99424 0
99448 0
99472 0
99497 0
99521 0
99546 0
99570 0
99594 0
99619 0
99643 0
99668 0
99692 0
99716 0
99741 0
99765 0
99790 0
99814 0
99838 0
99863 0
99887 0
99912 0
99936 0
99961 0
99985 0
100009 0
100034 0
100058 0
100083 0
100107 0
100131 0
100156 0
100180 0
100205 0
100229 0
100253 0
100278 0
100302 0
100327 0
100351 0
100375 0
100400 0
100424 0
100449 0
100473 0
100497 0
100522 0
100546 0
100571 0
100595 0
100620 0
100644 0
100668 0
100693 0
100717 0
100742 0
100766 0
100790 0
100815 0
100839 0
100864 0
100888 0
100912 0
100937 0
100961 0
100986 0
101010 0
101034 0
101059 0
101083 0
101108 0
101132 0
101156 0
101181 0
101205 0
101230 0
101254 0
101279 0
101303 0
101327 0
101352 0
101376 0
101401 0
101425 0
101449 0
101474 0
101498 0
101523 0
101547 0
101571 0
101596 0
101620 0
101645 0
101669 0
101693 0
101718 0
101742 0
101767 0
101791 0
101815 0
101840 0
101864 0
101889 0
101913 0
101938 0
101962 0
101986 0
102011 0
102035 0
102060 0
102084 0
102108 0
102133 0
102157 0
102182 0
102206 0
102230 0
102255 0
102279 0
102304 0
102328 0
102352 0
102377 0
102401 0
102426 0
102450 0
102474 0
102499 0
102523 0
102548 0
102572 0
102597 0
102621 0
102645 0
102670 0
102694 0
102719 0
102743 0
102767 0
102792 0
102816 0
102841 0
102865 0
102889 0
102914 0
102938 0
102963 0
102987 0
103011 0
103036 0
103060 0
103085 0
103109 0
103133 0
103158 0
103182 0
103207 0
103231 0
103256 0
103280 0
103304 0
103329 0
103353 0
103378 0
103402 0
103426 0
103451 0
103475 0
103500 0
103524 0
103548 0
103573 0
103597 0
103622 0
103646 0
103670 0
103695 0
103719 0
103744 0
103768 0
103792 0
103817 0
103841 0
103866 0
103890 0
103915 0
103939 0
103963 0
103988 0
104012 0
104037 0
104061 0
104085 0
104110 0
104134 0
104159 0
104183 0
104207 0
104232 0
104256 0
104281 0
104305 0
104329 0
104354 0
104378 0
104403 0
104427 0
104451 0
104476 0
104500 0
104525 0
104549 0
104574 0
104598 0
104622 0
104647 0
104671 0
104696 0
104720 0
104744 0
104769 0
104793 0
104818 0
104842 0
104866 0
104891 0
104915 0
104940 0
104964 0
104988 0
105013 0
105037 0
105062 0
105086 0
105110 0
105135 0
105159 0
105184 0
105208 0
105233 0
105257 0
105281 0
105306 0
105330 0
105355 0
105379 0
105403 0
105428 0
105452 0
105477 0
105501 0
105525 0
105550 0
105574 0
105599 0
105623 0
105647 0
105672 0
105696 0
105721 0
105745 0
105769 0
105794 0
105818 0
105843 0
105867 0
105892 0
105916 0
105940 0
105965 0
105989 0
106014 0
106038 0
106062 0
106087 0
106111 0
106136 0
106160 0
106184 0
106209 0
106233 0
106258 0
106282 0
106306 0
106331 0
106355 0
106380 0
106404 0
106428 0
106453 0
106477 0
106502 0
106526 0
106551 0
106575 0
106599 0
106624 0
106648 0
106673 0
106697 0
106721 0
106746 0
106770 0
106795 0
106819 0
106843 0
106868 0
106892 0
106917 0
106941 0
106965 0
106990 0
107014 0
107039 0
107063 0
107087 0
107112 0
107136 0
107161 0
107185 0
107210 0
107234 0
107258 0
107283 0
107307 0
107332 0
107356 0
107380 0
107405 0
107429 0
107454 0
107478 0
107502 0
107527 0
107551 0
107576 0
107600 0
107624 0
107649 0
107673 0
107698 0
107722 0
107746 0
107771 0
107795 0
107820 0
107844 0
107869 0
107893 0
107917 0
107942 0
107966 0
107991 0
108015 0
108039 0
108064 0
108088 0
108113 0
108137 0
108161 0
108186 0
108210 0
108235 0
108259 0
108283 0
108308 0
108332 0
108357 0
108381 0
108405 0
108430 0
108454 0
108479 0
108503 0
108528 0
108552 0
108576 0
108601 0
108625 0
108650 0
108674 0
108698 0
108723 0
108747 0
108772 0
108796 0
108820 0
108845 0
108869 0
108894 0
108918 0
108942 0
108967 0
108991 0
109016 0
109040 0
109064 0
109089 0
109113 0
109138 0
109162 0
109187 0
109211 0
109235 0
109260 0
109284 0
109309 0
109333 0
109357 0
109382 0
109406 0
109431 0
109455 0
109479 0
109504 0
109528 0
109553 0
109577 0
109601 0
109626 0
109650 0
109675 0
109699 0
109723 0
109748 0
109772 0
109797 0
109821 0
109846 0
109870 0
109894 0
109919 0
109943 0
109968 0
109992 0
110016 0
110041 0
110065 0
110090 0
110114 0
110138 0
110163 0
110187 0
110212 0
110236 0
110260 0
110285 0
110309 0
110334 0
110358 0
110382 0
110407 0
110431 0
110456 0
110480 0
110505 0
110529 0
110553 0
110578 0
110602 0
110627 0
110651 0
110675 0
110700 0
110724 0
110749 0
110773 0
110797 0
110822 0
110846 0
110871 0
110895 0
110919 0
110944 0
110968 0
110993 0
111017 0
111041 0
111066 0
111090 0
111115 0
111139 0
111164 0
111188 0
111212 0
111237 0
111261 0
111286 0
111310 0
111334 0
111359 0
111383 0
111408 0
111432 0
111456 0
111481 0
111505 0
111530 0
111554 0
111578 0
111603 0
111627 0
111652 0
111676 0
111700 0
111725 0
111749 0
111774 0
111798 0
111823 0
111847 0
111871 0
111896 0
111920 0
111945 0
111969 0
111993 0
112018 0
112042 0
112067 0
112091 0
112115 0
112140 0
112164 0
112189 0
112213 0
112237 0
112262 0
112286 0
112311 0
112335 0
112359 0
112384 0
112408 0
112433 0
112457 0
112482 0
112506 0
112530 0
112555 0
112579 0
112604 0
112628 0
112652 0
112677 0
112701 0
112726 0
112750 0
112774 0
112799 0
112823 0
112848 0
112872 0
112896 0
112921 0
112945 0
112970 0
112994 0
113018 0
113043 0
113067 0
113092 0
113116 0
113141 0
113165 0
113189 0
113214 0
113238 0
113263 0
113287 0
113311 0
113336 0
113360 0
113385 0
113409 0
113433 0
113458 0
113482 0
113507 0
113531 0
113555 0
113580 0
113604 0
113629 0
113653 0
113677 0
113702 0
113726 0
113751 0
113775 0
113800 0
113824 0
113848 0
113873 0
113897 0
113922 0
113946 0
113970 0
113995 0
114019 0
114044 0
114068 0
114092 0
114117 0
114141 0
114166 0
114190 0
114214 0
114239 0
114263 0
114288 0
114312 0
114336 0
114361 0
114385 0
114410 0
114434 0
114459 0
114483 0
114507 0
114532 0
114556 0
114581 0
114605 0
114629 0
114654 0
114678 0
114703 0
114727 0
114751 0
114776 0
114800 0
114825 0
114849 0
114873 0
114898 0
114922 0
114947 0
114971 0
114995 0
115020 0
115044 0
115069 0
115093 0
115118 0
115142 0
115166 0
115191 0
115215 0
115240 0
115264 0
115288 0
115313 0
115337 0
115362 0
115386 0
115410 0
115435 0
115459 0
115484 0
115508 0
115532 0
115557 0
115581 0
115606 0
115630 0
115654 0
115679 0
115703 0
115728 0
115752 0
115777 0
115801 0
115825 0
115850 0
115874 0
115899 0
115923 0
115947 0
115972 0
115996 0
116021 0
116045 0
116069 0
116094 0
116118 0
116143 0
116167 0
116191 0
116216 0
116240 0
116265 0
116289 0
116313 0
116338 0
116362 0
116387 0
116411 0
116436 0
116460 0
116484 0
116509 0
116533 0
116558 0
116582 0
116606 0
116631 0
116655 0
116680 0
116704 0
116728 0
116753 0
116777 0
116802 0
116826 0
116850 0
116875 0
116899 0
116924 0
116948 0
116972 0
116997 0
117021 0
117046 0
117070 0
117095 0
117119 0
117143 0
117168 0
117192 0
117217 0
117241 0
117265 0
117290 0
117314 0
117339 0
117363 0
117387 0
117412 0
117436 0
117461 0
117485 0
117509 0
117534 0
117558 0
117583 0
117607 0
117631 0
117656 0
117680 0
117705 0
117729 0
117754 0
117778 0
117802 0
117827 0
117851 0
117876 0
117900 0
117924 0
117949 0
117973 0
117998 0
118022 0
118046 0
118071 0
118095 0
118120 0
118144 0
118168 0
118193 0
118217 0
118242 0
118266 0
118290 0
118315 0
118339 0
118364 0
118388 0
118413 0
118437 0
118461 0
118486 0
118510 0
118535 0
118559 0
118583 0
118608 0
118632 0
118657 0
118681 0
118705 0
118730 0
118754 0
118779 0
118803 0
118827 0
118852 0
118876 0
118901 0
118925 0
118949 0
118974 0
118998 0
119023 0
119047 0
119072 0
119096 0
119120 0
119145 0
119169 0
119194 0
119218 0
119242 0
119267 0
119291 0
119316 0
119340 0
119364 0
119389 0
119413 0
119438 0
119462 0
119486 0
119511 0
119535 0
119560 0
119584 0
119608 0
119633 0
119657 0
119682 0
119706 0
119731 0
119755 0
119779 0
119804 0
119828 0
119853 0
119877 0
119901 0
119926 0
119950 0
119975 0
119999 0
120023 0
120048 0
120072 0
120097 0
120121 0
120145 0
120170 0
120194 0
120219 0
120243 0
120267 0
120292 0
120316 0
120341 0
120365 0
120390 0
120414 0
120438 0
120463 0
120487 0
120512 0
120536 0
120560 0
120585 0
120609 0
120634 0
120658 0
120682 0
120707 0
120731 0
120756 0
120780 0
120804 0
120829 0
120853 0
120878 0
120902 0
120926 0
120951 0
120975 0
121000 0
121024 0
121049 0
121073 0
121097 0
121122 0
121146 0
121171 0
121195 0
121219 0
121244 0
121268 0
121293 0
121317 0
121341 0
121366 0
121390 0
121415 0
121439 0
121463 0
121488 0
121512 0
121537 0
121561 0
121585 0
121610 0
121634 0
121659 0
121683 0
121708 0
121732 0
121756 0
121781 0
121805 0
121830 0
121854 0
121878 0
121903 0
121927 0
121952 0
121976 0
122000 0
122025 1
