17 10
51 11
85 5
119 2
153 2
187 1
221 3
255 9
289 7
323 14
357 6
391 12
425 4
459 10
493 6
527 14
561 17
595 15
629 18
663 15
697 22
731 15
765 22
799 27
833 74
867 193
901 335
935 529
969 784
1003 809
1037 592
1071 407
1105 264
1139 158
1173 93
1207 41
1241 42
1275 36
1309 15
1343 17
1377 10
1411 9
1445 9
1479 14
1513 13
1547 8
1581 7
1615 4
1649 3
1683 6
1717 9
1751 11
1785 11
1819 7
1853 5
1887 6
1921 5
1955 7
1989 2
2023 7
2057 2
2091 3
2125 5
2159 2
2193 2
2227 0
2261 3
2295 2
2329 4
2363 2
2397 2
2431 2
2465 6
2499 4
2533 3
2567 4
2601 0
2635 2
2669 1
2703 2
2737 2
2771 1
2805 2
2839 3
2873 1
2907 3
2941 2
2975 4
3009 1
3043 0
3077 1
3111 3
3145 3
3179 0
3213 2
3247 1
3281 3
3315 3
3349 1
3383 4
3417 2
3451 1
3485 1
3519 0
3553 1
3587 0
3621 2
3655 2
3689 1
3723 3
3757 5
3791 5
3825 0
3859 1
3893 2
3927 3
3961 0
3995 2
4029 0
4063 2
4097 3
4131 3
4165 1
4199 1
4233 2
4267 2
4301 2
4335 0
4369 0
4403 0
4437 1
4471 2
4505 1
4539 1
4573 1
4607 2
4641 0
4675 0
4709 0
4743 0
4777 0
4811 0
4845 0
4879 0
4913 0
4947 1
4981 2
5015 1
5049 1
5083 1
5117 0
5151 1
5185 0
5219 0
5253 0
5287 0
5321 1
5355 0
5389 0
5423 1
5457 2
5491 0
5525 1
5559 0
5593 0
5627 0
5661 0
5695 0
5729 0
5763 0
5797 1
5831 1
5865 1
5899 0
5933 0
5967 0
6001 0
6035 0
6069 0
6103 1
6137 0
6171 0
6205 0
6239 0
6273 0
6307 0
6341 1
6375 2
6409 0
6443 0
6477 1
6511 0
6545 0
6579 0
6613 0
6647 1
6681 0
6715 0
6749 0
6783 0
6817 0
6851 1
6885 1
6919 1
6953 0
6987 0
7021 0
7055 0
7089 0
7123 0
7157 0
7191 0
7225 0
7259 1
7293 1
7327 1
7361 0
7395 0
7429 0
7463 0
7497 0
7531 0
7565 0
7599 0
7633 0
7667 0
7701 0
7735 0
7769 0
7803 0
7837 1
7871 0
7905 0
7939 0
7973 0
8007 0
8041 0
8075 0
8109 0
8143 0
8177 0
8211 0
8245 0
8279 0
8313 0
8347 0
8381 1
8415 0
8449 0
8483 0
8517 0
8551 0
8585 0
8619 0
8653 0
8687 1
8721 0
8755 0
8789 0
8823 0
8857 0
8891 0
8925 1
8959 0
8993 0
9027 0
9061 0
9095 0
9129 0
9163 0
9197 0
9231 0
9265 0
9299 0
9333 0
9367 0
9401 0
9435 0
9469 1
9503 1
9537 0
9571 0
9605 0
9639 0
9673 0
9707 0
9741 1
9775 0
9809 0
9843 0
9877 0
9911 0
9945 0
9979 0
10013 0
10047 0
10081 0
10115 0
10149 0
10183 0
10217 0
10251 0
10285 1
10319 0
10353 0
10387 0
10421 0
10455 0
10489 0
10523 0
10557 0
10591 0
10625 0
10659 0
10693 0
10727 0
10761 0
10795 0
10829 0
10863 0
10897 0
10931 0
10965 0
10999 0
11033 0
11067 0
11101 0
11135 0
11169 1
11203 0
11237 0
11271 0
11305 0
11339 0
11373 0
11407 0
11441 0
11475 0
11509 0
11543 0
11577 0
11611 0
11645 0
11679 0
11713 0
11747 0
11781 0
11815 0
11849 0
11883 0
11917 1
11951 0
11985 0
12019 0
12053 0
12087 0
12121 0
12155 0
12189 0
12223 0
12257 0
12291 0
12325 0
12359 0
12393 0
12427 0
12461 0
12495 0
12529 0
12563 0
12597 0
12631 0
12665 0
12699 0
12733 0
12767 0
12801 0
12835 0
12869 0
12903 0
12937 0
12971 0
13005 0
13039 0
13073 1
13107 0
13141 0
13175 0
13209 0
13243 0
13277 0
13311 0
13345 0
13379 0
13413 0
13447 0
13481 0
13515 0
13549 0
13583 0
13617 0
13651 0
13685 0
13719 0
13753 0
13787 0
13821 0
13855 0
13889 0
13923 0
13957 0
13991 0
14025 0
14059 0
14093 0
14127 0
14161 0
14195 0
14229 0
14263 0
14297 0
14331 0
14365 0
14399 0
14433 0
14467 0
14501 1
14535 0
14569 0
14603 0
14637 0
14671 0
14705 0
14739 0
14773 0
14807 0
14841 0
14875 0
14909 1
14943 0
14977 0
15011 0
15045 0
15079 0
15113 0
15147 0
15181 0
15215 0
15249 0
15283 0
15317 0
15351 0
15385 0
15419 0
15453 0
15487 0
15521 0
15555 0
15589 0
15623 0
15657 0
15691 0
15725 0
15759 0
15793 0
15827 0
15861 0
15895 0
15929 1
15963 0
15997 0
16031 0
16065 0
16099 0
16133 0
16167 0
16201 0
16235 0
16269 0
16303 0
16337 0
16371 0
16405 0
16439 0
16473 0
16507 0
16541 0
16575 0
16609 0
16643 0
16677 0
16711 0
16745 0
16779 0
16813 0
16847 0
16881 0
16915 0
16949 0
16983 0
17017 0
17051 0
17085 0
17119 0
17153 0
17187 0
17221 0
17255 0
17289 0
17323 0
17357 0
17391 0
17425 0
17459 0
17493 0
17527 0
17561 0
17595 0
17629 0
17663 0
17697 0
17731 0
17765 0
17799 0
17833 0
17867 0
17901 0
17935 0
17969 0
18003 0
18037 0
18071 0
18105 0
18139 0
18173 0
18207 0
18241 0
18275 0
18309 0
18343 0
18377 0
18411 0
18445 0
18479 0
18513 0
18547 0
18581 0
18615 0
18649 0
18683 0
18717 0
18751 0
18785 0
18819 0
18853 0
18887 0
18921 0
18955 0
18989 0
19023 0
19057 0
19091 0
19125 0
19159 0
19193 0
19227 0
19261 0
19295 0
19329 0
19363 0
19397 0
19431 0
19465 0
19499 0
19533 0
19567 0
19601 0
19635 0
19669 0
19703 0
19737 0
19771 0
19805 0
19839 0
19873 0
19907 0
19941 0
19975 0
20009 0
20043 0
20077 0
20111 0
20145 0
20179 0
20213 0
20247 0
20281 0
20315 0
20349 0
20383 0
20417 0
20451 0
20485 0
20519 0
20553 0
20587 0
20621 0
20655 0
20689 0
20723 0
20757 0
20791 0
20825 0
20859 0
20893 0
20927 0
20961 0
20995 0
21029 0
21063 0
21097 0
21131 0
21165 0
21199 0
21233 0
21267 0
21301 0
21335 0
21369 0
21403 0
21437 0
21471 0
21505 0
21539 0
21573 0
21607 0
21641 0
21675 0
21709 0
21743 0
21777 0
21811 0
21845 0
21879 0
21913 0
21947 0
21981 0
22015 1
22049 0
22083 0
22117 0
22151 0
22185 0
22219 0
22253 0
22287 0
22321 0
22355 0
22389 0
22423 0
22457 0
22491 0
22525 0
22559 0
22593 0
22627 0
22661 0
22695 0
22729 0
22763 0
22797 0
22831 0
22865 0
22899 0
22933 0
22967 0
23001 0
23035 0
23069 0
23103 0
23137 0
23171 0
23205 0
23239 0
23273 0
23307 0
23341 0
23375 0
23409 0
23443 0
23477 0
23511 0
23545 0
23579 0
23613 0
23647 0
23681 0
23715 0
23749 0
23783 0
23817 0
23851 0
23885 0
23919 0
23953 0
23987 0
24021 0
24055 0
24089 0
24123 0
24157 0
24191 0
24225 0
24259 0
24293 0
24327 0
24361 0
24395 0
24429 0
24463 0
24497 0
24531 0
24565 0
24599 0
24633 0
24667 0
24701 0
24735 0
24769 0
24803 0
24837 0
24871 0
24905 0
24939 0
24973 0
25007 0
25041 0
25075 0
25109 0
25143 0
25177 0
25211 0
25245 0
25279 0
25313 0
25347 0
25381 0
25415 0
25449 0
25483 0
25517 0
25551 0
25585 0
25619 0
25653 0
25687 0
25721 0
25755 0
25789 0
25823 0
25857 0
25891 0
25925 0
25959 0
25993 0
26027 0
26061 0
26095 0
26129 0
26163 0
26197 0
26231 0
26265 0
26299 0
26333 0
26367 0
26401 0
26435 0
26469 0
26503 0
26537 0
26571 0
26605 0
26639 0
26673 0
26707 0
26741 0
26775 0
26809 0
26843 0
26877 0
26911 0
26945 0
26979 0
27013 0
27047 0
27081 0
27115 0
27149 0
27183 0
27217 0
27251 0
27285 0
27319 0
27353 0
27387 0
27421 0
27455 0
27489 0
27523 0
27557 0
27591 0
27625 0
27659 0
27693 0
27727 0
27761 0
27795 0
27829 0
27863 0
27897 0
27931 0
27965 0
27999 0
28033 0
28067 0
28101 0
28135 0
28169 0
28203 0
28237 0
28271 0
28305 0
28339 0
28373 0
28407 0
28441 0
28475 0
28509 0
28543 0
28577 0
28611 0
28645 0
28679 0
28713 0
28747 0
28781 0
28815 0
28849 0
28883 0
28917 0
28951 0
28985 0
29019 0
29053 0
29087 0
29121 0
29155 0
29189 0
29223 0
29257 0
29291 0
29325 0
29359 0
29393 0
29427 0
29461 0
29495 0
29529 0
29563 0
29597 0
29631 0
29665 0
29699 0
29733 0
29767 0
29801 0
29835 0
29869 0
29903 0
29937 0
29971 0
30005 0
30039 0
30073 0
30107 0
30141 0
30175 0
30209 0
30243 0
30277 0
30311 0
30345 0
30379 0
30413 0
30447 0
30481 0
30515 0
30549 0
30583 0
30617 0
30651 0
30685 0
30719 0
30753 0
30787 0
30821 0
30855 0
30889 0
30923 0
30957 0
30991 0
31025 0
31059 0
31093 0
31127 0
31161 0
31195 0
31229 0
31263 0
31297 0
31331 0
31365 0
31399 0
31433 0
31467 0
31501 0
31535 0
31569 0
31603 0
31637 0
31671 0
31705 0
31739 0
31773 0
31807 0
31841 0
31875 0
31909 0
31943 0
31977 0
32011 0
32045 0
32079 0
32113 0
32147 0
32181 0
32215 0
32249 0
32283 0
32317 0
32351 0
32385 0
32419 0
32453 0
32487 0
32521 0
32555 0
32589 0
32623 0
32657 0
32691 0
32725 0
32759 0
32793 0
32827 0
32861 0
32895 0
32929 0
32963 0
32997 0
33031 0
33065 0
33099 0
33133 0
33167 0
33201 0
33235 0
33269 0
33303 0
33337 0
33371 0
33405 0
33439 0
33473 0
33507 0
33541 0
33575 0
33609 0
33643 0
33677 0
33711 0
33745 0
33779 0
33813 0
33847 0
33881 0
33915 0
33949 0
33983 0
34017 0
34051 0
34085 0
34119 0
34153 0
34187 0
34221 0
34255 0
34289 0
34323 0
34357 0
34391 0
34425 0
34459 0
34493 0
34527 0
34561 0
34595 0
34629 0
34663 0
34697 0
34731 0
34765 0
34799 0
34833 0
34867 0
34901 0
34935 0
34969 0
35003 0
35037 0
35071 0
35105 0
35139 0
35173 0
35207 0
35241 0
35275 0
35309 0
35343 0
35377 0
35411 0
35445 0
35479 0
35513 0
35547 0
35581 0
35615 0
35649 0
35683 0
35717 0
35751 0
35785 0
35819 0
35853 0
35887 0
35921 0
35955 0
35989 0
36023 0
36057 0
36091 0
36125 0
36159 0
36193 0
36227 0
36261 0
36295 0
36329 0
36363 0
36397 0
36431 0
36465 0
36499 0
36533 0
36567 0
36601 0
36635 0
36669 0
36703 0
36737 0
36771 0
36805 0
36839 0
36873 0
36907 0
36941 0
36975 0
37009 0
37043 0
37077 0
37111 0
37145 0
37179 0
37213 0
37247 0
37281 0
37315 0
37349 0
37383 0
37417 0
37451 0
37485 0
37519 0
37553 0
37587 0
37621 0
37655 0
37689 0
37723 0
37757 0
37791 0
37825 0
37859 1
37893 0
37927 0
37961 0
37995 0
38029 0
38063 0
38097 0
38131 0
38165 0
38199 0
38233 0
38267 0
38301 0
38335 0
38369 0
38403 0
38437 0
38471 0
38505 0
38539 0
38573 0
38607 0
38641 0
38675 0
38709 0
38743 0
38777 0
38811 0
38845 0
38879 0
38913 0
38947 0
38981 0
39015 0
39049 0
39083 0
39117 0
39151 0
39185 0
39219 0
39253 0
39287 0
39321 0
39355 0
39389 0
39423 0
39457 0
39491 0
39525 0
39559 0
39593 0
39627 0
39661 0
39695 0
39729 0
39763 0
39797 0
39831 0
39865 0
39899 0
39933 0
39967 0
40001 0
40035 0
40069 0
40103 0
40137 0
40171 0
40205 0
40239 0
40273 0
40307 0
40341 0
40375 0
40409 0
40443 0
40477 0
40511 0
40545 0
40579 0
40613 0
40647 0
40681 0
40715 0
40749 0
40783 0
40817 0
40851 0
40885 0
40919 0
40953 0
40987 0
41021 0
41055 0
41089 0
41123 0
41157 0
41191 0
41225 0
41259 0
41293 0
41327 0
41361 0
41395 0
41429 0
41463 0
41497 0
41531 0
41565 0
41599 0
41633 0
41667 0
41701 0
41735 0
41769 0
41803 0
41837 0
41871 0
41905 0
41939 0
41973 0
42007 0
42041 0
42075 0
42109 0
42143 0
42177 0
42211 0
42245 0
42279 0
42313 0
42347 0
42381 0
42415 0
42449 0
42483 0
42517 0
42551 0
42585 0
42619 0
42653 0
42687 0
42721 0
42755 0
42789 0
42823 0
42857 0
42891 0
42925 0
42959 0
42993 0
43027 0
43061 0
43095 0
43129 0
43163 0
43197 0
43231 0
43265 0
43299 0
43333 0
43367 0
43401 0
43435 0
43469 0
43503 0
43537 0
43571 0
43605 0
43639 0
43673 0
43707 0
43741 0
43775 0
43809 0
43843 0
43877 0
43911 0
43945 0
43979 0
44013 0
44047 0
44081 0
44115 0
44149 0
44183 0
44217 0
44251 0
44285 0
44319 0
44353 0
44387 0
44421 0
44455 0
44489 0
44523 0
44557 0
44591 0
44625 0
44659 0
44693 0
44727 0
44761 0
44795 0
44829 0
44863 0
44897 0
44931 0
44965 0
44999 0
45033 0
45067 0
45101 0
45135 0
45169 0
45203 0
45237 0
45271 0
45305 0
45339 0
45373 0
45407 0
45441 0
45475 0
45509 0
45543 0
45577 0
45611 0
45645 0
45679 0
45713 0
45747 0
45781 0
45815 0
45849 0
45883 0
45917 0
45951 0
45985 0
46019 0
46053 0
46087 0
46121 0
46155 0
46189 0
46223 0
46257 0
46291 0
46325 0
46359 0
46393 0
46427 0
46461 0
46495 0
46529 0
46563 0
46597 0
46631 0
46665 0
46699 0
46733 0
46767 0
46801 0
46835 0
46869 0
46903 0
46937 0
46971 0
47005 0
47039 0
47073 0
47107 0
47141 0
47175 0
47209 0
47243 0
47277 0
47311 0
47345 0
47379 0
47413 0
47447 0
47481 0
47515 0
47549 0
47583 0
47617 0
47651 0
47685 0
47719 0
47753 0
47787 0
47821 0
47855 0
47889 0
47923 0
47957 0
47991 0
48025 0
48059 0
48093 0
48127 0
48161 0
48195 0
48229 0
48263 0
48297 0
48331 0
48365 0
48399 0
48433 0
48467 0
48501 0
48535 0
48569 0
48603 0
48637 0
48671 0
48705 0
48739 0
48773 0
48807 0
48841 0
48875 0
48909 0
48943 0
48977 0
49011 0
49045 0
49079 0
49113 0
49147 0
49181 0
49215 0
49249 0
49283 0
49317 0
49351 0
49385 0
49419 0
49453 0
49487 0
49521 0
49555 0
49589 0
49623 0
49657 0
49691 0
49725 0
49759 0
49793 0
49827 0
49861 0
49895 0
49929 0
49963 0
49997 0
50031 0
50065 0
50099 0
50133 0
50167 0
50201 0
50235 0
50269 0
50303 0
50337 0
50371 0
50405 0
50439 0
50473 0
50507 0
50541 0
50575 0
50609 0
50643 0
50677 0
50711 0
50745 0
50779 0
50813 0
50847 0
50881 0
50915 0
50949 0
50983 0
51017 0
51051 0
51085 0
51119 0
51153 0
51187 0
51221 0
51255 0
51289 0
51323 0
51357 0
51391 0
51425 0
51459 0
51493 0
51527 0
51561 0
51595 0
51629 0
51663 0
51697 1
51731 0
51765 0
51799 0
51833 0
51867 0
51901 0
51935 0
51969 0
52003 0
52037 0
52071 0
52105 0
52139 0
52173 0
52207 0
52241 0
52275 0
52309 0
52343 0
52377 0
52411 0
52445 0
52479 0
52513 0
52547 0
52581 0
52615 0
52649 0
52683 0
52717 0
52751 0
52785 0
52819 0
52853 0
52887 0
52921 0
52955 0
52989 0
53023 0
53057 0
53091 0
53125 0
53159 0
53193 0
53227 0
53261 0
53295 0
53329 0
53363 0
53397 0
53431 0
53465 0
53499 0
53533 0
53567 0
53601 0
53635 0
53669 0
53703 0
53737 0
53771 0
53805 0
53839 0
53873 0
53907 0
53941 0
53975 0
54009 0
54043 0
54077 0
54111 0
54145 0
54179 0
54213 0
54247 0
54281 0
54315 0
54349 0
54383 0
54417 0
54451 0
54485 0
54519 0
54553 0
54587 0
54621 0
54655 0
54689 0
54723 0
54757 0
54791 0
54825 0
54859 0
54893 0
54927 0
54961 0
54995 0
55029 0
55063 0
55097 0
55131 0
55165 0
55199 0
55233 0
55267 0
55301 0
55335 0
55369 0
55403 0
55437 0
55471 0
55505 0
55539 0
55573 0
55607 0
55641 0
55675 0
55709 0
55743 0
55777 0
55811 0
55845 0
55879 0
55913 0
55947 0
55981 0
56015 0
56049 0
56083 0
56117 0
56151 0
56185 0
56219 0
56253 0
56287 0
56321 0
56355 0
56389 0
56423 0
56457 0
56491 0
56525 0
56559 0
56593 0
56627 0
56661 0
56695 0
56729 0
56763 0
56797 0
56831 0
56865 0
56899 0
56933 0
56967 0
57001 0
57035 0
57069 0
57103 0
57137 0
57171 0
57205 0
57239 0
57273 0
57307 0
57341 0
57375 0
57409 0
57443 0
57477 0
57511 0
57545 0
57579 0
57613 0
57647 0
57681 0
57715 0
57749 0
57783 0
57817 0
57851 0
57885 0
57919 0
57953 0
57987 0
58021 0
58055 0
58089 0
58123 0
58157 0
58191 0
58225 0
58259 0
58293 0
58327 0
58361 0
58395 0
58429 0
58463 0
58497 0
58531 0
58565 0
58599 0
58633 0
58667 0
58701 0
58735 0
58769 0
58803 0
58837 0
58871 0
58905 0
58939 0
58973 0
59007 0
59041 0
59075 0
59109 0
59143 0
59177 0
59211 0
59245 0
59279 0
59313 0
59347 0
59381 0
59415 0
59449 0
59483 0
59517 0
59551 0
59585 0
59619 0
59653 0
59687 0
59721 0
59755 0
59789 0
59823 0
59857 0
59891 0
59925 0
59959 0
59993 0
60027 0
60061 0
60095 0
60129 0
60163 0
60197 0
60231 0
60265 0
60299 0
60333 0
60367 0
60401 0
60435 0
60469 0
60503 0
60537 0
60571 0
60605 0
60639 0
60673 0
60707 0
60741 0
60775 0
60809 0
60843 0
60877 0
60911 0
60945 0
60979 0
61013 0
61047 0
61081 0
61115 0
61149 0
61183 0
61217 0
61251 0
61285 0
61319 0
61353 0
61387 0
61421 0
61455 0
61489 0
61523 0
61557 0
61591 0
61625 0
61659 0
61693 0
61727 0
61761 0
61795 0
61829 0
61863 0
61897 0
61931 0
61965 0
61999 0
62033 0
62067 0
62101 0
62135 0
62169 0
62203 0
62237 0
62271 0
62305 0
62339 0
62373 0
62407 0
62441 0
62475 0
62509 0
62543 0
62577 0
62611 0
62645 0
62679 0
62713 0
62747 0
62781 0
62815 0
62849 0
62883 0
62917 0
62951 0
62985 0
63019 0
63053 0
63087 0
63121 0
63155 0
63189 0
63223 0
63257 0
63291 0
63325 0
63359 0
63393 0
63427 0
63461 0
63495 0
63529 0
63563 0
63597 0
63631 0
63665 0
63699 0
63733 0
63767 0
63801 0
63835 0
63869 0
63903 0
63937 0
63971 0
64005 0
64039 0
64073 0
64107 0
64141 0
64175 0
64209 0
64243 0
64277 0
64311 0
64345 0
64379 0
64413 0
64447 0
64481 0
64515 0
64549 0
64583 0
64617 0
64651 0
64685 0
64719 0
64753 0
64787 0
64821 0
64855 0
64889 0
64923 0
64957 0
64991 0
65025 0
65059 0
65093 0
65127 0
65161 0
65195 0
65229 0
65263 0
65297 0
65331 0
65365 0
65399 0
65433 0
65467 0
65501 0
65535 0
65569 0
65603 0
65637 0
65671 0
65705 0
65739 0
65773 0
65807 0
65841 0
65875 0
65909 0
65943 0
65977 0
66011 0
66045 0
66079 0
66113 0
66147 0
66181 0
66215 0
66249 0
66283 0
66317 0
66351 0
66385 0
66419 0
66453 0
66487 0
66521 0
66555 0
66589 0
66623 0
66657 0
66691 0
66725 0
66759 0
66793 0
66827 0
66861 0
66895 0
66929 0
66963 0
66997 0
67031 0
67065 0
67099 0
67133 0
67167 0
67201 0
67235 0
67269 0
67303 0
67337 0
67371 0
67405 0
67439 0
67473 0
67507 0
67541 0
67575 0
67609 0
67643 0
67677 0
67711 0
67745 0
67779 0
67813 0
67847 0
67881 0
67915 0
67949 0
67983 0
68017 0
68051 0
68085 0
68119 0
68153 0
68187 0
68221 0
68255 0
68289 0
68323 0
68357 0
68391 0
68425 0
68459 0
68493 0
68527 0
68561 0
68595 0
68629 0
68663 0
68697 0
68731 0
68765 0
68799 0
68833 0
68867 0
68901 0
68935 0
68969 0
69003 0
69037 0
69071 0
69105 0
69139 0
69173 0
69207 0
69241 0
69275 0
69309 0
69343 0
69377 0
69411 0
69445 0
69479 0
69513 0
69547 0
69581 0
69615 0
69649 0
69683 0
69717 0
69751 0
69785 0
69819 0
69853 0
69887 0
69921 0
69955 0
69989 0
70023 0
70057 0
70091 0
70125 0
70159 0
70193 0
70227 0
70261 0
70295 0
70329 0
70363 0
70397 0
70431 0
70465 0
70499 0
70533 0
70567 0
70601 0
70635 0
70669 0
70703 0
70737 0
70771 0
70805 0
70839 0
70873 0
70907 0
70941 0
70975 0
71009 0
71043 0
71077 0
71111 0
71145 0
71179 0
71213 0
71247 0
71281 0
71315 0
71349 0
71383 0
71417 0
71451 0
71485 0
71519 0
71553 0
71587 0
71621 0
71655 0
71689 0
71723 0
71757 0
71791 0
71825 0
71859 0
71893 0
71927 0
71961 0
71995 0
72029 0
72063 0
72097 0
72131 0
72165 0
72199 0
72233 0
72267 0
72301 0
72335 0
72369 0
72403 0
72437 0
72471 0
72505 0
72539 0
72573 0
72607 0
72641 0
72675 0
72709 0
72743 0
72777 0
72811 0
72845 0
72879 0
72913 0
72947 0
72981 0
73015 0
73049 0
73083 0
73117 0
73151 0
73185 0
73219 0
73253 0
73287 0
73321 0
73355 0
73389 0
73423 0
73457 0
73491 0
73525 0
73559 0
73593 0
73627 0
73661 0
73695 0
73729 0
73763 0
73797 0
73831 0
73865 0
73899 0
73933 0
73967 0
74001 0
74035 0
74069 0
74103 0
74137 0
74171 0
74205 0
74239 0
74273 0
74307 0
74341 0
74375 0
74409 0
74443 0
74477 0
74511 0
74545 0
74579 0
74613 0
74647 0
74681 0
74715 0
74749 0
74783 0
74817 0
74851 0
74885 0
74919 0
74953 0
74987 0
75021 0
75055 0
75089 0
75123 0
75157 0
75191 0
75225 0
75259 0
75293 0
75327 0
75361 0
75395 0
75429 0
75463 0
75497 0
75531 0
75565 0
75599 0
75633 0
75667 0
75701 0
75735 0
75769 0
75803 0
75837 0
75871 0
75905 0
75939 0
75973 0
76007 0
76041 0
76075 0
76109 0
76143 0
76177 0
76211 0
76245 0
76279 0
76313 0
76347 0
76381 0
76415 0
76449 0
76483 0
76517 0
76551 0
76585 0
76619 0
76653 0
76687 0
76721 0
76755 0
76789 0
76823 0
76857 0
76891 0
76925 0
76959 0
76993 0
77027 0
77061 0
77095 0
77129 0
77163 0
77197 0
77231 0
77265 0
77299 0
77333 0
77367 0
77401 0
77435 0
77469 0
77503 0
77537 0
77571 0
77605 0
77639 0
77673 0
77707 0
77741 0
77775 0
77809 0
77843 0
77877 0
77911 0
77945 0
77979 0
78013 0
78047 0
78081 0
78115 0
78149 0
78183 0
78217 0
78251 0
78285 0
78319 0
78353 0
78387 0
78421 0
78455 0
78489 0
78523 0
78557 0
78591 0
78625 0
78659 0
78693 0
78727 0
78761 0
78795 0
78829 0
78863 0
78897 0
78931 0
78965 0
78999 0
79033 0
79067 0
79101 0
79135 0
79169 0
79203 0
79237 0
79271 0
79305 0
79339 0
79373 0
79407 0
79441 0
79475 0
79509 0
79543 0
79577 0
79611 0
79645 0
79679 0
79713 0
79747 0
79781 0
79815 0
79849 0
79883 0
79917 0
79951 0
79985 0
80019 0
80053 0
80087 0
80121 0
80155 0
80189 0
80223 0
80257 0
80291 0
80325 0
80359 0
80393 0
80427 0
80461 0
80495 0
80529 0
80563 0
80597 0
80631 0
80665 0
80699 0
80733 0
80767 0
80801 0
80835 0
80869 0
80903 0
80937 0
80971 0
81005 0
81039 0
81073 0
81107 0
81141 0
81175 0
81209 0
81243 0
81277 0
81311 0
81345 0
81379 0
81413 0
81447 0
81481 0
81515 0
81549 0
81583 0
81617 0
81651 0
81685 0
81719 0
81753 0
81787 0
81821 0
81855 0
81889 0
81923 0
81957 0
81991 0
82025 0
82059 0
82093 0
82127 0
82161 0
82195 0
82229 0
82263 0
82297 0
82331 0
82365 0
82399 0
82433 0
82467 0
82501 0
82535 0
82569 0
82603 0
82637 0
82671 0
82705 0
82739 0
82773 0
82807 0
82841 0
82875 0
82909 0
82943 0
82977 0
83011 0
83045 0
83079 0
83113 0
83147 0
83181 0
83215 0
83249 0
83283 0
83317 0
83351 0
83385 0
83419 0
83453 0
83487 0
83521 0
83555 0
83589 0
83623 0
83657 0
83691 0
83725 0
83759 0
83793 0
83827 0
83861 0
83895 0
83929 0
83963 0
83997 0
84031 0
84065 0
84099 0
84133 0
84167 0
84201 0
84235 0
84269 0
84303 0
84337 0
84371 0
84405 0
84439 0
84473 0
84507 0
84541 0
84575 0
84609 0
84643 0
84677 0
84711 0
84745 0
84779 0
84813 0
84847 0
84881 0
84915 0
84949 0
84983 0
85017 0
85051 0
85085 0
85119 0
85153 0
85187 0
85221 0
85255 0
85289 0
85323 0
85357 0
85391 0
85425 0
85459 0
85493 0
85527 0
85561 0
85595 0
85629 0
85663 0
85697 0
85731 0
85765 0
85799 0
85833 0
85867 0
85901 0
85935 0
85969 0
86003 0
86037 0
86071 0
86105 0
86139 0
86173 0
86207 0
86241 0
86275 0
86309 0
86343 0
86377 0
86411 0
86445 0
86479 0
86513 0
86547 0
86581 0
86615 0
86649 0
86683 0
86717 0
86751 0
86785 0
86819 0
86853 0
86887 0
86921 0
86955 0
86989 0
87023 0
87057 0
87091 0
87125 0
87159 0
87193 0
87227 0
87261 0
87295 0
87329 0
87363 0
87397 0
87431 0
87465 0
87499 0
87533 0
87567 0
87601 0
87635 0
87669 0
87703 0
87737 0
87771 0
87805 0
87839 0
87873 0
87907 0
87941 0
87975 0
88009 0
88043 0
88077 0
88111 0
88145 0
88179 0
88213 0
88247 0
88281 0
88315 0
88349 0
88383 0
88417 0
88451 0
88485 0
88519 0
88553 0
88587 0
88621 0
88655 0
88689 0
88723 0
88757 0
88791 0
88825 0
88859 0
88893 0
88927 0
88961 0
88995 0
89029 0
89063 0
89097 0
89131 0
89165 0
89199 0
89233 0
89267 0
89301 0
89335 0
89369 0
89403 0
89437 0
89471 0
89505 0
89539 0
89573 0
89607 0
89641 0
89675 0
89709 0
89743 0
89777 0
89811 0
89845 0
89879 0
89913 0
89947 0
89981 0
90015 0
90049 0
90083 0
90117 0
90151 0
90185 0
90219 0
90253 0
90287 0
90321 0
90355 0
90389 0
90423 0
90457 0
90491 0
90525 0
90559 0
90593 0
90627 0
90661 0
90695 0
90729 0
90763 0
90797 0
90831 0
90865 0
90899 0
90933 0
90967 0
91001 0
91035 0
91069 0
91103 0
91137 0
91171 0
91205 0
91239 0
91273 0
91307 0
91341 0
91375 0
91409 0
91443 0
91477 0
91511 0
91545 0
91579 0
91613 0
91647 0
91681 0
91715 0
91749 0
91783 0
91817 0
91851 0
91885 0
91919 0
91953 0
91987 0
92021 0
92055 0
92089 0
92123 0
92157 0
92191 0
92225 0
92259 0
92293 0
92327 0
92361 0
92395 0
92429 0
92463 0
92497 0
92531 0
92565 0
92599 0
92633 0
92667 0
92701 0
92735 0
92769 0
92803 0
92837 0
92871 0
92905 0
92939 0
92973 0
93007 0
93041 0
93075 0
93109 0
93143 0
93177 0
93211 0
93245 0
93279 0
93313 0
93347 0
93381 0
93415 0
93449 0
93483 0
93517 0
93551 0
93585 0
93619 0
93653 0
93687 0
93721 0
93755 0
93789 0
93823 0
93857 0
93891 0
93925 0
93959 0
93993 0
94027 0
94061 0
94095 0
94129 0
94163 0
94197 0
94231 0
94265 0
94299 0
94333 0
94367 0
94401 0
94435 0
94469 0
94503 0
94537 0
94571 0
94605 0
94639 0
94673 0
94707 0
94741 0
94775 0
94809 0
94843 0
94877 0
94911 0
94945 0
94979 0
95013 0
95047 0
95081 0
95115 0
95149 0
95183 0
95217 0
95251 0
95285 0
95319 0
95353 0
95387 0
95421 0
95455 0
95489 0
95523 0
95557 0
95591 0
95625 0
95659 0
95693 0
95727 0
95761 0
95795 0
95829 0
95863 0
95897 0
95931 0
95965 0
95999 0
96033 0
96067 0
96101 0
96135 0
96169 0
96203 0
96237 0
96271 0
96305 0
96339 0
96373 0
96407 0
96441 0
96475 0
96509 0
96543 0
96577 0
96611 0
96645 0
96679 0
96713 0
96747 0
96781 0
96815 0
96849 0
96883 0
96917 0
96951 0
96985 0
97019 0
97053 0
97087 0
97121 0
97155 0
97189 0
97223 0
97257 0
97291 0
97325 0
97359 0
97393 0
97427 0
97461 0
97495 0
97529 0
97563 0
97597 0
97631 0
97665 0
97699 0
97733 0
97767 0
97801 0
97835 0
97869 0
97903 0
97937 0
97971 0
98005 0
98039 0
98073 0
98107 0
98141 0
98175 0
98209 0
98243 0
98277 0
98311 0
98345 0
98379 0
98413 0
98447 0
98481 0
98515 0
98549 0
98583 0
98617 0
98651 0
98685 0
98719 0
98753 0
98787 0
98821 0
98855 0
98889 0
98923 0
98957 0
98991 0
99025 0
99059 0
99093 0
99127 1
99161 0
99195 0
99229 0
99263 0
99297 0
99331 0
99365 0
99399 0
99433 0
99467 0
99501 0
99535 0
99569 0
99603 0
99637 0
99671 0
99705 0
99739 0
99773 0
99807 0
99841 0
99875 0
99909 0
99943 0
99977 0
100011 0
100045 0
100079 0
100113 0
100147 0
100181 0
100215 0
100249 0
100283 0
100317 0
100351 0
100385 0
100419 0
100453 0
100487 0
100521 0
100555 0
100589 0
100623 0
100657 0
100691 0
100725 0
100759 0
100793 0
100827 0
100861 0
100895 0
100929 0
100963 0
100997 0
101031 0
101065 0
101099 0
101133 0
101167 0
101201 0
101235 0
101269 0
101303 0
101337 0
101371 0
101405 0
101439 0
101473 0
101507 0
101541 0
101575 0
101609 0
101643 0
101677 0
101711 0
101745 0
101779 0
101813 0
101847 0
101881 0
101915 0
101949 0
101983 0
102017 0
102051 0
102085 0
102119 0
102153 0
102187 0
102221 0
102255 0
102289 0
102323 0
102357 0
102391 0
102425 0
102459 0
102493 0
102527 0
102561 0
102595 0
102629 0
102663 0
102697 0
102731 0
102765 0
102799 0
102833 0
102867 0
102901 0
102935 0
102969 0
103003 0
103037 0
103071 0
103105 0
103139 0
103173 0
103207 0
103241 0
103275 0
103309 0
103343 0
103377 0
103411 0
103445 0
103479 0
103513 0
103547 0
103581 0
103615 0
103649 0
103683 0
103717 0
103751 0
103785 0
103819 0
103853 0
103887 0
103921 0
103955 0
103989 0
104023 0
104057 0
104091 0
104125 0
104159 0
104193 0
104227 0
104261 0
104295 0
104329 0
104363 0
104397 0
104431 0
104465 0
104499 0
104533 0
104567 0
104601 0
104635 0
104669 0
104703 0
104737 0
104771 0
104805 0
104839 0
104873 0
104907 0
104941 0
104975 0
105009 0
105043 0
105077 0
105111 0
105145 0
105179 0
105213 0
105247 0
105281 0
105315 0
105349 0
105383 0
105417 0
105451 0
105485 0
105519 0
105553 0
105587 0
105621 0
105655 0
105689 0
105723 0
105757 0
105791 0
105825 0
105859 0
105893 0
105927 0
105961 0
105995 0
106029 0
106063 0
106097 0
106131 0
106165 0
106199 0
106233 0
106267 0
106301 0
106335 0
106369 0
106403 0
106437 0
106471 0
106505 0
106539 0
106573 0
106607 0
106641 0
106675 0
106709 0
106743 0
106777 0
106811 0
106845 0
106879 0
106913 0
106947 0
106981 0
107015 0
107049 0
107083 0
107117 0
107151 0
107185 0
107219 0
107253 0
107287 0
107321 0
107355 0
107389 0
107423 0
107457 0
107491 0
107525 0
107559 0
107593 0
107627 0
107661 0
107695 0
107729 0
107763 0
107797 0
107831 0
107865 0
107899 0
107933 0
107967 0
108001 0
108035 0
108069 0
108103 0
108137 0
108171 0
108205 0
108239 0
108273 0
108307 0
108341 0
108375 0
108409 0
108443 0
108477 0
108511 0
108545 0
108579 0
108613 0
108647 0
108681 0
108715 0
108749 0
108783 0
108817 0
108851 0
108885 0
108919 0
108953 0
108987 0
109021 0
109055 0
109089 0
109123 0
109157 0
109191 0
109225 0
109259 0
109293 0
109327 0
109361 0
109395 0
109429 0
109463 0
109497 0
109531 0
109565 0
109599 0
109633 0
109667 0
109701 0
109735 0
109769 0
109803 0
109837 0
109871 0
109905 0
109939 0
109973 0
110007 0
110041 0
110075 0
110109 0
110143 0
110177 0
110211 0
110245 0
110279 0
110313 0
110347 0
110381 0
110415 0
110449 0
110483 0
110517 0
110551 0
110585 0
110619 0
110653 0
110687 0
110721 0
110755 0
110789 0
110823 0
110857 0
110891 0
110925 0
110959 0
110993 0
111027 0
111061 0
111095 0
111129 0
111163 0
111197 0
111231 0
111265 0
111299 0
111333 0
111367 0
111401 0
111435 0
111469 0
111503 0
111537 0
111571 0
111605 0
111639 0
111673 0
111707 0
111741 0
111775 0
111809 0
111843 0
111877 0
111911 0
111945 0
111979 0
112013 0
112047 0
112081 0
112115 0
112149 0
112183 0
112217 0
112251 0
112285 0
112319 0
112353 0
112387 0
112421 0
112455 0
112489 0
112523 0
112557 0
112591 0
112625 0
112659 0
112693 0
112727 0
112761 0
112795 0
112829 0
112863 0
112897 0
112931 0
112965 0
112999 0
113033 0
113067 0
113101 0
113135 0
113169 0
113203 0
113237 0
113271 0
113305 0
113339 0
113373 0
113407 0
113441 0
113475 0
113509 0
113543 0
113577 0
113611 0
113645 0
113679 0
113713 0
113747 0
113781 0
113815 0
113849 0
113883 0
113917 0
113951 0
113985 0
114019 0
114053 0
114087 0
114121 0
114155 0
114189 0
114223 0
114257 0
114291 0
114325 0
114359 0
114393 0
114427 0
114461 0
114495 0
114529 0
114563 0
114597 0
114631 0
114665 0
114699 0
114733 0
114767 0
114801 0
114835 0
114869 0
114903 0
114937 0
114971 0
115005 0
115039 0
115073 0
115107 0
115141 0
115175 0
115209 0
115243 0
115277 0
115311 0
115345 0
115379 0
115413 0
115447 0
115481 0
115515 0
115549 0
115583 0
115617 0
115651 0
115685 0
115719 0
115753 0
115787 0
115821 0
115855 0
115889 0
115923 0
115957 0
115991 0
116025 0
116059 0
116093 0
116127 0
116161 0
116195 0
116229 0
116263 0
116297 0
116331 0
116365 0
116399 0
116433 0
116467 0
116501 0
116535 0
116569 0
116603 0
116637 0
116671 0
116705 0
116739 0
116773 0
116807 0
116841 0
116875 0
116909 0
116943 0
116977 0
117011 0
117045 0
117079 0
117113 0
117147 0
117181 0
117215 0
117249 0
117283 0
117317 0
117351 0
117385 0
117419 0
117453 0
117487 0
117521 0
117555 0
117589 0
117623 0
117657 0
117691 0
117725 0
117759 0
117793 0
117827 0
117861 0
117895 0
117929 0
117963 0
117997 0
118031 0
118065 0
118099 0
118133 0
118167 0
118201 0
118235 0
118269 0
118303 0
118337 0
118371 0
118405 0
118439 0
118473 0
118507 0
118541 0
118575 0
118609 0
118643 0
118677 0
118711 0
118745 0
118779 0
118813 0
118847 0
118881 0
118915 0
118949 0
118983 0
119017 0
119051 0
119085 0
119119 0
119153 0
119187 0
119221 0
119255 0
119289 0
119323 0
119357 0
119391 0
119425 0
119459 0
119493 0
119527 0
119561 0
119595 0
119629 0
119663 0
119697 0
119731 0
119765 0
119799 0
119833 0
119867 0
119901 0
119935 0
119969 0
120003 0
120037 0
120071 0
120105 0
120139 0
120173 0
120207 0
120241 0
120275 0
120309 0
120343 0
120377 0
120411 0
120445 0
120479 0
120513 0
120547 0
120581 0
120615 0
120649 0
120683 0
120717 0
120751 0
120785 0
120819 0
120853 0
120887 0
120921 0
120955 0
120989 0
121023 0
121057 0
121091 0
121125 0
121159 0
121193 0
121227 0
121261 0
121295 0
121329 0
121363 0
121397 0
121431 0
121465 0
121499 0
121533 0
121567 0
121601 0
121635 0
121669 0
121703 0
121737 0
121771 0
121805 0
121839 0
121873 0
121907 0
121941 0
121975 0
122009 0
122043 0
122077 0
122111 0
122145 0
122179 0
122213 0
122247 0
122281 0
122315 0
122349 0
122383 0
122417 0
122451 0
122485 0
122519 0
122553 0
122587 0
122621 0
122655 0
122689 0
122723 0
122757 0
122791 0
122825 0
122859 0
122893 0
122927 0
122961 0
122995 0
123029 0
123063 0
123097 0
123131 0
123165 0
123199 0
123233 0
123267 0
123301 0
123335 0
123369 0
123403 0
123437 0
123471 0
123505 0
123539 0
123573 0
123607 0
123641 0
123675 0
123709 0
123743 0
123777 0
123811 0
123845 0
123879 0
123913 0
123947 0
123981 0
124015 0
124049 0
124083 0
124117 0
124151 0
124185 0
124219 0
124253 0
124287 0
124321 0
124355 0
124389 0
124423 0
124457 0
124491 0
124525 0
124559 0
124593 0
124627 0
124661 0
124695 0
124729 0
124763 0
124797 0
124831 0
124865 0
124899 0
124933 0
124967 0
125001 0
125035 0
125069 0
125103 0
125137 0
125171 0
125205 0
125239 0
125273 0
125307 0
125341 0
125375 0
125409 0
125443 0
125477 0
125511 0
125545 0
125579 0
125613 0
125647 0
125681 0
125715 0
125749 0
125783 0
125817 0
125851 0
125885 0
125919 0
125953 0
125987 0
126021 0
126055 0
126089 0
126123 0
126157 0
126191 0
126225 0
126259 0
126293 0
126327 0
126361 0
126395 0
126429 0
126463 0
126497 0
126531 0
126565 0
126599 0
126633 0
126667 0
126701 0
126735 0
126769 0
126803 0
126837 0
126871 0
126905 0
126939 0
126973 0
127007 0
127041 0
127075 0
127109 0
127143 0
127177 0
127211 0
127245 0
127279 0
127313 0
127347 0
127381 0
127415 0
127449 0
127483 0
127517 0
127551 0
127585 0
127619 0
127653 0
127687 0
127721 0
127755 0
127789 0
127823 0
127857 0
127891 0
127925 0
127959 0
127993 0
128027 0
128061 0
128095 0
128129 0
128163 0
128197 0
128231 0
128265 0
128299 0
128333 0
128367 0
128401 0
128435 0
128469 0
128503 0
128537 0
128571 0
128605 0
128639 0
128673 0
128707 0
128741 0
128775 0
128809 0
128843 0
128877 0
128911 0
128945 0
128979 0
129013 0
129047 0
129081 0
129115 0
129149 0
129183 0
129217 0
129251 0
129285 0
129319 0
129353 0
129387 0
129421 0
129455 0
129489 0
129523 0
129557 0
129591 0
129625 0
129659 0
129693 0
129727 0
129761 0
129795 0
129829 0
129863 0
129897 0
129931 0
129965 0
129999 0
130033 0
130067 0
130101 0
130135 0
130169 0
130203 0
130237 0
130271 0
130305 0
130339 0
130373 0
130407 0
130441 0
130475 0
130509 0
130543 0
130577 0
130611 0
130645 0
130679 0
130713 0
130747 0
130781 0
130815 0
130849 0
130883 0
130917 0
130951 0
130985 0
131019 0
131053 0
131087 0
131121 0
131155 0
131189 0
131223 0
131257 0
131291 0
131325 0
131359 0
131393 0
131427 0
131461 0
131495 0
131529 0
131563 0
131597 0
131631 0
131665 0
131699 0
131733 0
131767 0
131801 0
131835 0
131869 0
131903 0
131937 0
131971 0
132005 0
132039 0
132073 0
132107 0
132141 0
132175 0
132209 0
132243 0
132277 0
132311 0
132345 0
132379 0
132413 0
132447 0
132481 0
132515 0
132549 0
132583 0
132617 0
132651 0
132685 0
132719 0
132753 0
132787 0
132821 0
132855 0
132889 0
132923 0
132957 0
132991 0
133025 0
133059 0
133093 0
133127 0
133161 0
133195 0
133229 0
133263 0
133297 0
133331 0
133365 0
133399 0
133433 0
133467 0
133501 0
133535 0
133569 0
133603 0
133637 0
133671 0
133705 0
133739 0
133773 0
133807 0
133841 0
133875 0
133909 0
133943 0
133977 0
134011 0
134045 0
134079 0
134113 0
134147 0
134181 0
134215 0
134249 0
134283 0
134317 0
134351 0
134385 0
134419 0
134453 0
134487 0
134521 0
134555 0
134589 0
134623 0
134657 0
134691 0
134725 0
134759 0
134793 0
134827 0
134861 0
134895 0
134929 0
134963 0
134997 0
135031 0
135065 0
135099 0
135133 0
135167 0
135201 0
135235 0
135269 0
135303 0
135337 0
135371 0
135405 0
135439 0
135473 0
135507 0
135541 0
135575 0
135609 0
135643 0
135677 0
135711 0
135745 0
135779 0
135813 0
135847 0
135881 0
135915 0
135949 0
135983 0
136017 0
136051 0
136085 0
136119 0
136153 0
136187 0
136221 0
136255 0
136289 0
136323 0
136357 0
136391 0
136425 0
136459 0
136493 0
136527 0
136561 0
136595 0
136629 0
136663 0
136697 0
136731 0
136765 0
136799 0
136833 0
136867 0
136901 0
136935 0
136969 0
137003 0
137037 0
137071 0
137105 0
137139 0
137173 0
137207 0
137241 0
137275 0
137309 0
137343 0
137377 0
137411 0
137445 0
137479 0
137513 0
137547 0
137581 0
137615 0
137649 0
137683 0
137717 0
137751 0
137785 0
137819 0
137853 0
137887 0
137921 0
137955 0
137989 0
138023 0
138057 0
138091 0
138125 0
138159 0
138193 0
138227 0
138261 0
138295 0
138329 0
138363 0
138397 0
138431 0
138465 0
138499 0
138533 0
138567 0
138601 0
138635 0
138669 0
138703 0
138737 0
138771 0
138805 0
138839 0
138873 0
138907 0
138941 0
138975 0
139009 0
139043 0
139077 0
139111 0
139145 0
139179 0
139213 0
139247 0
139281 0
139315 0
139349 0
139383 0
139417 0
139451 0
139485 0
139519 0
139553 0
139587 0
139621 0
139655 0
139689 0
139723 0
139757 0
139791 0
139825 0
139859 0
139893 0
139927 0
139961 0
139995 0
140029 0
140063 0
140097 0
140131 0
140165 0
140199 0
140233 0
140267 0
140301 0
140335 0
140369 0
140403 0
140437 0
140471 0
140505 0
140539 0
140573 0
140607 0
140641 0
140675 0
140709 0
140743 0
140777 0
140811 0
140845 0
140879 0
140913 0
140947 0
140981 0
141015 0
141049 0
141083 0
141117 0
141151 0
141185 0
141219 0
141253 0
141287 0
141321 0
141355 0
141389 0
141423 0
141457 0
141491 0
141525 0
141559 0
141593 0
141627 0
141661 0
141695 0
141729 0
141763 0
141797 0
141831 0
141865 0
141899 0
141933 0
141967 0
142001 0
142035 0
142069 0
142103 0
142137 0
142171 0
142205 0
142239 0
142273 0
142307 0
142341 0
142375 0
142409 0
142443 0
142477 0
142511 0
142545 0
142579 0
142613 0
142647 0
142681 0
142715 0
142749 0
142783 0
142817 0
142851 0
142885 0
142919 0
142953 0
142987 0
143021 0
143055 0
143089 0
143123 0
143157 0
143191 0
143225 0
143259 0
143293 0
143327 0
143361 0
143395 0
143429 0
143463 0
143497 0
143531 0
143565 0
143599 0
143633 0
143667 0
143701 0
143735 0
143769 0
143803 0
143837 0
143871 0
143905 0
143939 0
143973 0
144007 0
144041 0
144075 0
144109 0
144143 0
144177 0
144211 0
144245 0
144279 0
144313 0
144347 0
144381 0
144415 0
144449 0
144483 0
144517 0
144551 0
144585 0
144619 0
144653 0
144687 0
144721 0
144755 0
144789 0
144823 0
144857 0
144891 0
144925 0
144959 0
144993 0
145027 0
145061 0
145095 0
145129 0
145163 0
145197 0
145231 0
145265 0
145299 0
145333 0
145367 0
145401 0
145435 0
145469 0
145503 0
145537 0
145571 0
145605 0
145639 0
145673 0
145707 0
145741 0
145775 0
145809 0
145843 0
145877 0
145911 0
145945 0
145979 0
146013 0
146047 0
146081 0
146115 0
146149 0
146183 0
146217 0
146251 0
146285 0
146319 0
146353 0
146387 0
146421 0
146455 0
146489 0
146523 0
146557 0
146591 0
146625 0
146659 0
146693 0
146727 0
146761 0
146795 0
146829 0
146863 0
146897 0
146931 0
146965 0
146999 0
147033 0
147067 0
147101 0
147135 0
147169 0
147203 0
147237 0
147271 0
147305 0
147339 0
147373 0
147407 0
147441 0
147475 0
147509 0
147543 0
147577 0
147611 0
147645 0
147679 0
147713 0
147747 0
147781 0
147815 0
147849 0
147883 0
147917 0
147951 0
147985 0
148019 0
148053 0
148087 0
148121 0
148155 0
148189 0
148223 0
148257 0
148291 0
148325 0
148359 0
148393 0
148427 0
148461 0
148495 0
148529 0
148563 0
148597 0
148631 0
148665 0
148699 0
148733 0
148767 0
148801 0
148835 0
148869 0
148903 0
148937 0
148971 0
149005 0
149039 0
149073 0
149107 0
149141 0
149175 0
149209 0
149243 0
149277 0
149311 0
149345 0
149379 0
149413 0
149447 0
149481 0
149515 0
149549 0
149583 0
149617 0
149651 0
149685 0
149719 0
149753 0
149787 0
149821 0
149855 0
149889 0
149923 0
149957 0
149991 0
150025 0
150059 0
150093 0
150127 0
150161 0
150195 0
150229 0
150263 0
150297 0
150331 0
150365 0
150399 0
150433 0
150467 0
150501 0
150535 0
150569 0
150603 0
150637 0
150671 0
150705 0
150739 0
150773 0
150807 0
150841 0
150875 0
150909 0
150943 0
150977 0
151011 0
151045 0
151079 0
151113 0
151147 0
151181 0
151215 0
151249 0
151283 0
151317 0
151351 0
151385 0
151419 0
151453 0
151487 0
151521 0
151555 0
151589 0
151623 0
151657 0
151691 0
151725 0
151759 0
151793 0
151827 0
151861 0
151895 0
151929 0
151963 0
151997 0
152031 0
152065 0
152099 0
152133 0
152167 0
152201 0
152235 0
152269 0
152303 0
152337 0
152371 0
152405 0
152439 0
152473 0
152507 0
152541 0
152575 0
152609 0
152643 0
152677 0
152711 0
152745 0
152779 0
152813 0
152847 0
152881 0
152915 0
152949 0
152983 0
153017 0
153051 0
153085 0
153119 0
153153 0
153187 0
153221 0
153255 0
153289 0
153323 0
153357 0
153391 0
153425 0
153459 0
153493 0
153527 0
153561 0
153595 0
153629 0
153663 0
153697 0
153731 0
153765 0
153799 0
153833 0
153867 0
153901 0
153935 0
153969 0
154003 0
154037 0
154071 0
154105 0
154139 0
154173 0
154207 0
154241 0
154275 0
154309 0
154343 0
154377 0
154411 0
154445 0
154479 0
154513 0
154547 0
154581 0
154615 0
154649 0
154683 0
154717 0
154751 0
154785 0
154819 0
154853 0
154887 0
154921 0
154955 0
154989 0
155023 0
155057 0
155091 0
155125 0
155159 0
155193 0
155227 0
155261 0
155295 0
155329 0
155363 0
155397 0
155431 0
155465 0
155499 0
155533 0
155567 0
155601 0
155635 0
155669 0
155703 0
155737 0
155771 0
155805 0
155839 0
155873 0
155907 0
155941 0
155975 0
156009 0
156043 0
156077 0
156111 0
156145 0
156179 0
156213 0
156247 0
156281 0
156315 0
156349 0
156383 0
156417 0
156451 0
156485 0
156519 0
156553 0
156587 0
156621 0
156655 0
156689 0
156723 0
156757 0
156791 0
156825 0
156859 0
156893 0
156927 0
156961 0
156995 0
157029 0
157063 0
157097 0
157131 0
157165 0
157199 0
157233 0
157267 0
157301 0
157335 0
157369 0
157403 0
157437 0
157471 0
157505 0
157539 0
157573 0
157607 0
157641 0
157675 0
157709 0
157743 0
157777 0
157811 0
157845 0
157879 0
157913 0
157947 0
157981 0
158015 0
158049 0
158083 0
158117 0
158151 0
158185 0
158219 0
158253 0
158287 0
158321 0
158355 0
158389 0
158423 0
158457 0
158491 0
158525 0
158559 0
158593 0
158627 0
158661 0
158695 0
158729 0
158763 0
158797 0
158831 0
158865 0
158899 0
158933 0
158967 0
159001 0
159035 0
159069 0
159103 0
159137 0
159171 0
159205 0
159239 0
159273 0
159307 0
159341 0
159375 0
159409 0
159443 0
159477 0
159511 0
159545 0
159579 0
159613 0
159647 0
159681 0
159715 0
159749 0
159783 0
159817 0
159851 0
159885 0
159919 0
159953 0
159987 0
160021 0
160055 0
160089 0
160123 0
160157 0
160191 0
160225 0
160259 0
160293 0
160327 0
160361 0
160395 0
160429 0
160463 0
160497 0
160531 0
160565 0
160599 0
160633 0
160667 0
160701 0
160735 0
160769 0
160803 0
160837 0
160871 0
160905 0
160939 0
160973 0
161007 0
161041 0
161075 0
161109 0
161143 0
161177 0
161211 0
161245 0
161279 0
161313 0
161347 0
161381 0
161415 0
161449 0
161483 0
161517 0
161551 0
161585 0
161619 0
161653 0
161687 0
161721 0
161755 0
161789 0
161823 0
161857 0
161891 0
161925 0
161959 0
161993 0
162027 0
162061 0
162095 0
162129 0
162163 0
162197 0
162231 0
162265 0
162299 0
162333 0
162367 0
162401 0
162435 0
162469 0
162503 0
162537 0
162571 0
162605 0
162639 0
162673 0
162707 0
162741 0
162775 0
162809 0
162843 0
162877 0
162911 0
162945 0
162979 0
163013 0
163047 0
163081 0
163115 0
163149 0
163183 0
163217 0
163251 0
163285 0
163319 0
163353 0
163387 0
163421 0
163455 0
163489 0
163523 0
163557 0
163591 0
163625 0
163659 0
163693 0
163727 0
163761 0
163795 0
163829 0
163863 0
163897 0
163931 0
163965 0
163999 0
164033 0
164067 0
164101 0
164135 0
164169 0
164203 0
164237 0
164271 0
164305 0
164339 0
164373 0
164407 0
164441 0
164475 0
164509 0
164543 0
164577 0
164611 0
164645 0
164679 0
164713 0
164747 0
164781 0
164815 0
164849 0
164883 0
164917 0
164951 0
164985 0
165019 0
165053 0
165087 0
165121 0
165155 0
165189 0
165223 0
165257 0
165291 0
165325 0
165359 0
165393 0
165427 0
165461 0
165495 0
165529 0
165563 0
165597 0
165631 0
165665 0
165699 0
165733 0
165767 0
165801 0
165835 0
165869 0
165903 0
165937 0
165971 0
166005 0
166039 0
166073 0
166107 0
166141 0
166175 0
166209 0
166243 0
166277 0
166311 0
166345 0
166379 0
166413 0
166447 0
166481 0
166515 0
166549 0
166583 0
166617 0
166651 0
166685 0
166719 0
166753 0
166787 0
166821 0
166855 0
166889 0
166923 0
166957 0
166991 0
167025 0
167059 0
167093 0
167127 0
167161 0
167195 0
167229 0
167263 0
167297 0
167331 0
167365 0
167399 0
167433 0
167467 0
167501 0
167535 0
167569 0
167603 0
167637 0
167671 0
167705 0
167739 0
167773 0
167807 0
167841 0
167875 0
167909 0
167943 0
167977 0
168011 0
168045 0
168079 0
168113 0
168147 0
168181 0
168215 0
168249 0
168283 0
168317 0
168351 0
168385 0
168419 0
168453 0
168487 0
168521 0
168555 0
168589 0
168623 0
168657 0
168691 0
168725 0
168759 0
168793 0
168827 0
168861 0
168895 0
168929 0
168963 0
168997 0
169031 0
169065 0
169099 0
169133 0
169167 0
169201 0
169235 0
169269 0
169303 0
169337 0
169371 0
169405 0
169439 0
169473 0
169507 0
169541 0
169575 0
169609 0
169643 0
169677 0
169711 0
169745 0
169779 0
169813 0
169847 0
169881 0
169915 0
169949 0
169983 0
